              0              0        118.131
              0              1       0.398236
              0              2              0
              0              3     0.00613617
              0              4              0
              0              5              0
              0              6              0
              0              7              0
              0              8              0
              0              9              0
              0             10      0.0073299
              0             11              0
              0             12    9.95362e-05
              0             13     0.00749069
              0             14        18.6872
              0             15     0.00232707
              0             16              0
              0             17    0.000549268
              0             18        8.04663
              0             19              0
              0             20              0
              0             21    0.000929435
              0             22     0.00577687
              0             23     0.00288007
              0             24      0.0057029
              0             25              0
              1              0       0.398236
              1              1        120.859
              1              2      0.0408804
              1              3              0
              1              4              0
              1              5     0.00755064
              1              6              0
              1              7              0
              1              8              0
              1              9              0
              1             10      0.0142959
              1             11    0.000325169
              1             12              0
              1             13     0.00375872
              1             14         16.535
              1             15    0.000875561
              1             16              0
              1             17     0.00403594
              1             18        12.0037
              1             19     0.00313972
              1             20    6.20899e-05
              1             21     0.00354955
              1             22     0.00319523
              1             23      0.0030162
              1             24      0.0022152
              1             25    0.000316743
              2              0              0
              2              1      0.0408804
              2              2        120.253
              2              3        0.38691
              2              4     0.00369815
              2              5              0
              2              6    0.000119323
              2              7     0.00010986
              2              8              0
              2              9      0.0028261
              2             10     0.00027908
              2             11    0.000303065
              2             12              0
              2             13     0.00288316
              2             14        6.12076
              2             15        7.23403
              2             16      0.0013269
              2             17    0.000483121
              2             18        10.6374
              2             19     0.00178455
              2             20    0.000755472
              2             21    0.000191568
              2             22      0.0037356
              2             23     0.00159078
              2             24    0.000546911
              2             25              0
              3              0     0.00613617
              3              1              0
              3              2        0.38691
              3              3        116.103
              3              4       0.569308
              3              5      0.0017701
              3              6    0.000110995
              3              7              0
              3              8     0.00455872
              3              9     0.00401924
              3             10              0
              3             11              0
              3             12     0.00257432
              3             13              0
              3             14    0.000125332
              3             15        15.4432
              3             16    0.000567019
              3             17    0.000187788
              3             18       0.681739
              3             19        9.66849
              3             20      0.0018672
              3             21    6.16934e-05
              3             22      0.0034051
              3             23     0.00251689
              3             24    0.000707518
              3             25    6.47316e-05
              4              0              0
              4              1              0
              4              2     0.00369815
              4              3       0.569308
              4              4        116.442
              4              5       0.478276
              4              6      0.0110998
              4              7     0.00346318
              4              8     4.4184e-05
              4              9     0.00246245
              4             10    0.000467779
              4             11      0.0011868
              4             12              0
              4             13              0
              4             14    0.000568584
              4             15        14.1086
              4             16     0.00195873
              4             17              0
              4             18     0.00313554
              4             19         7.2825
              4             20    0.000151046
              4             21     0.00148649
              4             22     0.00317425
              4             23     0.00106615
              4             24    0.000117047
              4             25              0
              5              0              0
              5              1     0.00755064
              5              2              0
              5              3      0.0017701
              5              4       0.478276
              5              5        116.258
              5              6       0.368213
              5              7     0.00266251
              5              8    0.000961855
              5              9    1.02555e-05
              5             10    0.000678324
              5             11     0.00197561
              5             12     0.00440501
              5             13     0.00272184
              5             14     0.00169078
              5             15        17.0088
              5             16    0.000957394
              5             17     0.00189572
              5             18     0.00185882
              5             19        9.46683
              5             20              0
              5             21     0.00309569
              5             22     0.00316849
              5             23     0.00210647
              5             24    0.000858054
              5             25              0
              6              0              0
              6              1              0
              6              2    0.000119323
              6              3    0.000110995
              6              4      0.0110998
              6              5       0.368213
              6              6        118.234
              6              7      0.0538923
              6              8    0.000268255
              6              9    0.000426627
              6             10              0
              6             11     0.00343639
              6             12              0
              6             13    0.000278636
              6             14    0.000259157
              6             15        0.57826
              6             16        13.6419
              6             17              0
              6             18    0.000549294
              6             19        4.31195
              6             20        3.55734
              6             21              0
              6             22     0.00161131
              6             23     0.00141036
              6             24     0.00114415
              6             25    1.39064e-05
              7              0              0
              7              1              0
              7              2     0.00010986
              7              3              0
              7              4     0.00346318
              7              5     0.00266251
              7              6      0.0538923
              7              7         116.82
              7              8       0.585498
              7              9    0.000601968
              7             10     0.00120282
              7             11     0.00998518
              7             12              0
              7             13              0
              7             14     0.00058994
              7             15              0
              7             16        13.1031
              7             17    0.000113968
              7             18    8.07306e-05
              7             19     0.00255673
              7             20        7.78779
              7             21     0.00308615
              7             22     0.00228837
              7             23     0.00177209
              7             24    0.000797398
              7             25              0
              8              0              0
              8              1              0
              8              2              0
              8              3     0.00455872
              8              4     4.4184e-05
              8              5    0.000961855
              8              6    0.000268255
              8              7       0.585498
              8              8        118.238
              8              9       0.567147
              8             10              0
              8             11      0.0040266
              8             12     0.00415532
              8             13              0
              8             14              0
              8             15     0.00161926
              8             16        15.1358
              8             17     0.00172566
              8             18    1.40664e-05
              8             19    0.000191399
              8             20         11.062
              8             21     0.00304024
              8             22     0.00289447
              8             23     0.00450026
              8             24     0.00136292
              8             25              0
              9              0              0
              9              1              0
              9              2      0.0028261
              9              3     0.00401924
              9              4     0.00246245
              9              5    1.02555e-05
              9              6    0.000426627
              9              7    0.000601968
              9              8       0.567147
              9              9        116.225
              9             10       0.381673
              9             11     0.00368418
              9             12    0.000437217
              9             13              0
              9             14              0
              9             15    0.000418301
              9             16        14.3465
              9             17    0.000101021
              9             18      0.0027413
              9             19    0.000152147
              9             20        9.47675
              9             21       0.340103
              9             22      0.0015518
              9             23     0.00332046
              9             24     0.00153168
              9             25              0
             10              0      0.0073299
             10              1      0.0142959
             10              2     0.00027908
             10              3              0
             10              4    0.000467779
             10              5    0.000678324
             10              6              0
             10              7     0.00120282
             10              8              0
             10              9       0.381673
             10             10        118.383
             10             11       0.339767
             10             12              0
             10             13     0.00444844
             10             14     0.00536355
             10             15    0.000872596
             10             16       0.910573
             10             17        11.1823
             10             18     0.00302749
             10             19     0.00102546
             10             20     0.00157179
             10             21        8.58809
             10             22     0.00322511
             10             23     0.00156928
             10             24     5.0058e-05
             10             25    0.000320699
             11              0              0
             11              1    0.000325169
             11              2    0.000303065
             11              3              0
             11              4      0.0011868
             11              5     0.00197561
             11              6     0.00343639
             11              7     0.00998518
             11              8      0.0040266
             11              9     0.00368418
             11             10       0.339767
             11             11        118.851
             11             12       0.332393
             11             13              0
             11             14     0.00374399
             11             15     5.9196e-05
             11             16     0.00192275
             11             17        13.1656
             11             18    0.000449102
             11             19    0.000120578
             11             20      0.0101507
             11             21        9.50603
             11             22     0.00194001
             11             23     0.00218489
             11             24     0.00155599
             11             25    0.000579238
             12              0    9.95362e-05
             12              1              0
             12              2              0
             12              3     0.00257432
             12              4              0
             12              5     0.00440501
             12              6              0
             12              7              0
             12              8     0.00415532
             12              9    0.000437217
             12             10              0
             12             11       0.332393
             12             12        116.294
             12             13       0.383349
             12             14              0
             12             15    0.000626569
             12             16    0.000121477
             12             17        13.6829
             12             18              0
             12             19     0.00122062
             12             20    0.000796771
             12             21        9.37053
             12             22     0.00113793
             12             23     0.00255527
             12             24     0.00209101
             12             25    8.27989e-05
             13              0     0.00749069
             13              1     0.00375872
             13              2     0.00288316
             13              3              0
             13              4              0
             13              5     0.00272184
             13              6    0.000278636
             13              7              0
             13              8              0
             13              9              0
             13             10     0.00444844
             13             11              0
             13             12       0.383349
             13             13        115.783
             13             14       0.365421
             13             15    0.000953315
             13             16    3.18586e-05
             13             17        16.8426
             13             18     0.00209089
             13             19     0.00198659
             13             20              0
             13             21        3.03416
             13             22        5.33052
             13             23     0.00404899
             13             24     0.00124074
             13             25    0.000196279
             14              0        18.6872
             14              1         16.535
             14              2        6.12076
             14              3    0.000125332
             14              4    0.000568584
             14              5     0.00169078
             14              6    0.000259157
             14              7     0.00058994
             14              8              0
             14              9              0
             14             10     0.00536355
             14             11     0.00374399
             14             12              0
             14             13       0.365421
             14             14          102.1
             14             15    0.000616523
             14             16    8.51307e-05
             14             17       0.315162
             14             18        1.78756
             14             19     0.00256353
             14             20     0.00028608
             14             21     0.00452422
             14             22        1.47873
             14             23     0.00736043
             14             24     0.00676061
             14             25    0.000216948
             15              0     0.00232707
             15              1    0.000875561
             15              2        7.23403
             15              3        15.4432
             15              4        14.1086
             15              5        17.0088
             15              6        0.57826
             15              7              0
             15              8     0.00161926
             15              9    0.000418301
             15             10    0.000872596
             15             11     5.9196e-05
             15             12    0.000626569
             15             13    0.000953315
             15             14    0.000616523
             15             15        93.3091
             15             16     0.00104052
             15             17    0.000117564
             15             18        0.20939
             15             19       0.915855
             15             20     0.00229845
             15             21      0.0078488
             15             22      0.0171207
             15             23      0.0128581
             15             24     0.00251175
             15             25              0
             16              0              0
             16              1              0
             16              2      0.0013269
             16              3    0.000567019
             16              4     0.00195873
             16              5    0.000957394
             16              6        13.6419
             16              7        13.1031
             16              8        15.1358
             16              9        14.3465
             16             10       0.910573
             16             11     0.00192275
             16             12    0.000121477
             16             13    3.18586e-05
             16             14    8.51307e-05
             16             15     0.00104052
             16             16        94.2399
             16             17    8.76663e-05
             16             18     0.00423473
             16             19         0.1536
             16             20        1.03904
             16             21      0.0391045
             16             22     0.00702116
             16             23     0.00696591
             16             24     0.00638988
             16             25              0
             17              0    0.000549268
             17              1     0.00403594
             17              2    0.000483121
             17              3    0.000187788
             17              4              0
             17              5     0.00189572
             17              6              0
             17              7    0.000113968
             17              8     0.00172566
             17              9    0.000101021
             17             10        11.1823
             17             11        13.1656
             17             12        13.6829
             17             13        16.8426
             17             14       0.315162
             17             15    0.000117564
             17             16    8.76663e-05
             17             17        93.2434
             17             18     0.00922486
             17             19     0.00550443
             17             20      0.0071619
             17             21        0.91423
             17             22       0.231878
             17             23      0.0109145
             17             24     0.00356048
             17             25              0
             18              0        8.04663
             18              1        12.0037
             18              2        10.6374
             18              3       0.681739
             18              4     0.00313554
             18              5     0.00185882
             18              6    0.000549294
             18              7    8.07306e-05
             18              8    1.40664e-05
             18              9      0.0027413
             18             10     0.00302749
             18             11    0.000449102
             18             12              0
             18             13     0.00209089
             18             14        1.78756
             18             15        0.20939
             18             16     0.00423473
             18             17     0.00922486
             18             18        94.5788
             18             19     0.00192809
             18             20     0.00122723
             18             21     0.00160941
             18             22      0.0473051
             18             23     0.00999646
             18             24     0.00231818
             18             25              0
             19              0              0
             19              1     0.00313972
             19              2     0.00178455
             19              3        9.66849
             19              4         7.2825
             19              5        9.46683
             19              6        4.31195
             19              7     0.00255673
             19              8    0.000191399
             19              9    0.000152147
             19             10     0.00102546
             19             11    0.000120578
             19             12     0.00122062
             19             13     0.00198659
             19             14     0.00256353
             19             15       0.915855
             19             16         0.1536
             19             17     0.00550443
             19             18     0.00192809
             19             19        93.0748
             19             20    0.000190967
             19             21     0.00247785
             19             22      0.0243849
             19             23     0.00978456
             19             24    0.000645849
             19             25              0
             20              0              0
             20              1    6.20899e-05
             20              2    0.000755472
             20              3      0.0018672
             20              4    0.000151046
             20              5              0
             20              6        3.55734
             20              7        7.78779
             20              8         11.062
             20              9        9.47675
             20             10     0.00157179
             20             11      0.0101507
             20             12    0.000796771
             20             13              0
             20             14     0.00028608
             20             15     0.00229845
             20             16        1.03904
             20             17      0.0071619
             20             18     0.00122723
             20             19    0.000190967
             20             20         94.063
             20             21     0.00121307
             20             22      0.0159709
             20             23      0.0126395
             20             24     0.00141077
             20             25              0
             21              0    0.000929435
             21              1     0.00354955
             21              2    0.000191568
             21              3    6.16934e-05
             21              4     0.00148649
             21              5     0.00309569
             21              6              0
             21              7     0.00308615
             21              8     0.00304024
             21              9       0.340103
             21             10        8.58809
             21             11        9.50603
             21             12        9.37053
             21             13        3.03416
             21             14     0.00452422
             21             15      0.0078488
             21             16      0.0391045
             21             17        0.91423
             21             18     0.00160941
             21             19     0.00247785
             21             20     0.00121307
             21             21         93.099
             21             22      0.0173741
             21             23      0.0101187
             21             24     0.00108054
             21             25              0
             22              0     0.00577687
             22              1     0.00319523
             22              2      0.0037356
             22              3      0.0034051
             22              4     0.00317425
             22              5     0.00316849
             22              6     0.00161131
             22              7     0.00228837
             22              8     0.00289447
             22              9      0.0015518
             22             10     0.00322511
             22             11     0.00194001
             22             12     0.00113793
             22             13        5.33052
             22             14        1.47873
             22             15      0.0171207
             22             16     0.00702116
             22             17       0.231878
             22             18      0.0473051
             22             19      0.0243849
             22             20      0.0159709
             22             21      0.0173741
             22             22        93.0154
             22             23     0.00914967
             22             24      0.0206833
             22             25     0.00158818
             23              0     0.00288007
             23              1      0.0030162
             23              2     0.00159078
             23              3     0.00251689
             23              4     0.00106615
             23              5     0.00210647
             23              6     0.00141036
             23              7     0.00177209
             23              8     0.00450026
             23              9     0.00332046
             23             10     0.00156928
             23             11     0.00218489
             23             12     0.00255527
             23             13     0.00404899
             23             14     0.00736043
             23             15      0.0128581
             23             16     0.00696591
             23             17      0.0109145
             23             18     0.00999646
             23             19     0.00978456
             23             20      0.0126395
             23             21      0.0101187
             23             22     0.00914967
             23             23        93.0048
             23             24      0.0357709
             23             25     0.00709047
             24              0      0.0057029
             24              1      0.0022152
             24              2    0.000546911
             24              3    0.000707518
             24              4    0.000117047
             24              5    0.000858054
             24              6     0.00114415
             24              7    0.000797398
             24              8     0.00136292
             24              9     0.00153168
             24             10     5.0058e-05
             24             11     0.00155599
             24             12     0.00209101
             24             13     0.00124074
             24             14     0.00676061
             24             15     0.00251175
             24             16     0.00638988
             24             17     0.00356048
             24             18     0.00231818
             24             19    0.000645849
             24             20     0.00141077
             24             21     0.00108054
             24             22      0.0206833
             24             23      0.0357709
             24             24        93.0103
             24             25     0.00412865
             25              0              0
             25              1    0.000316743
             25              2              0
             25              3    6.47316e-05
             25              4              0
             25              5              0
             25              6    1.39064e-05
             25              7              0
             25              8              0
             25              9              0
             25             10    0.000320699
             25             11    0.000579238
             25             12    8.27989e-05
             25             13    0.000196279
             25             14    0.000216948
             25             15              0
             25             16              0
             25             17              0
             25             18              0
             25             19              0
             25             20              0
             25             21              0
             25             22     0.00158818
             25             23     0.00709047
             25             24     0.00412865
             25             25        16.0032
