              0              0        482.596
              0              1         4.9608
              0              2        1.09534
              0              3       0.903051
              0              4              0
              0              5    5.52567e-07
              0              6       0.701324
              0              7     0.00103653
              0              8       0.353142
              0              9     0.00025707
              0             10              0
              0             11        142.855
              0             12       0.384988
              0             13    0.000550329
              0             14        119.232
              0             15        1.33093
              0             16        0.26269
              0             17        2.19142
              0             18        7.42654
              0             19        0.21246
              0             20              0
              1              0         4.9608
              1              1        482.192
              1              2        4.59568
              1              3        0.63462
              1              4       0.021374
              1              5       0.312237
              1              6       0.139765
              1              7      0.0572021
              1              8    0.000734587
              1              9              0
              1             10              0
              1             11        142.578
              1             12       0.688183
              1             13     0.00303529
              1             14        104.073
              1             15        2.22845
              1             16       0.530468
              1             17        2.37807
              1             18        8.97983
              1             19       0.426101
              1             20    3.42567e-07
              2              0        1.09534
              2              1        4.59568
              2              2        490.024
              2              3        3.79525
              2              4       0.681815
              2              5        2.38631
              2              6    1.59432e-08
              2              7              0
              2              8    0.000258176
              2              9    0.000200674
              2             10              0
              2             11        120.647
              2             12        35.6968
              2             13    6.34747e-05
              2             14        2.79249
              2             15        106.648
              2             16    8.55108e-07
              2             17        2.06392
              2             18        7.52704
              2             19     0.00384339
              2             20    8.70576e-06
              3              0       0.903051
              3              1        0.63462
              3              2        3.79525
              3              3        505.835
              3              4        5.75544
              3              5      0.0688958
              3              6    1.47099e-07
              3              7      0.0367344
              3              8        1.12231
              3              9        1.30584
              3             10              0
              3             11        1.13947
              3             12         161.98
              3             13       0.277403
              3             14        2.19487
              3             15        134.086
              3             16       0.730543
              3             17        1.18186
              3             18        8.80664
              3             19       0.572542
              3             20       0.105604
              4              0              0
              4              1       0.021374
              4              2       0.681815
              4              3        5.75544
              4              4        502.989
              4              5        3.24025
              4              6              0
              4              7              0
              4              8       0.389491
              4              9       0.613457
              4             10              0
              4             11       0.119316
              4             12        155.637
              4             13        0.21563
              4             14       0.168283
              4             15        98.7039
              4             16       0.215538
              4             17        5.52856
              4             18         7.5766
              4             19        0.57894
              4             20      0.0112771
              5              0    5.52567e-07
              5              1       0.312237
              5              2        2.38631
              5              3      0.0688958
              5              4        3.24025
              5              5        471.007
              5              6        3.99655
              5              7        2.23207
              5              8    1.89135e-06
              5              9              0
              5             10              0
              5             11        0.46933
              5             12        148.911
              5             13        0.59552
              5             14       0.082619
              5             15        62.8584
              5             16        43.7534
              5             17        2.63294
              5             18        4.34437
              5             19        3.95003
              5             20       0.152624
              6              0       0.701324
              6              1       0.139765
              6              2    1.59432e-08
              6              3    1.47099e-07
              6              4              0
              6              5        3.99655
              6              6        481.021
              6              7        5.21341
              6              8        2.83123
              6              9    3.86896e-06
              6             10    0.000247622
              6             11       0.299624
              6             12        43.6185
              6             13        111.628
              6             14       0.410915
              6             15     0.00213333
              6             16        117.177
              6             17    7.97777e-05
              6             18        1.28004
              6             19        9.42216
              6             20        0.36098
              7              0     0.00103653
              7              1      0.0572021
              7              2              0
              7              3      0.0367344
              7              4              0
              7              5        2.23207
              7              6        5.21341
              7              7        482.589
              7              8        4.44415
              7              9       0.853039
              7             10        2.12859
              7             11        0.73028
              7             12       0.467831
              7             13        131.946
              7             14       0.424571
              7             15    3.48693e-05
              7             16        107.875
              7             17        1.53798
              7             18       0.257743
              7             19        9.06548
              7             20       0.127811
              8              0       0.353142
              8              1    0.000734587
              8              2    0.000258176
              8              3        1.12231
              8              4       0.389491
              8              5    1.89135e-06
              8              6        2.83123
              8              7        4.44415
              8              8        489.156
              8              9        4.97823
              8             10      0.0484229
              8             11       0.649679
              8             12       0.350455
              8             13        166.157
              8             14       0.579473
              8             15        0.79435
              8             16        105.704
              8             17        2.46571
              8             18        1.01888
              8             19        9.90657
              8             20       0.381382
              9              0     0.00025707
              9              1              0
              9              2    0.000200674
              9              3        1.30584
              9              4       0.613457
              9              5              0
              9              6    3.86896e-06
              9              7       0.853039
              9              8        4.97823
              9              9         485.51
              9             10        2.92725
              9             11     0.00109569
              9             12       0.379956
              9             13        135.231
              9             14        16.7159
              9             15       0.951952
              9             16        7.66367
              9             17        108.958
              9             18        3.84686
              9             19         7.6202
              9             20       0.284598
             10              0              0
             10              1              0
             10              2              0
             10              3              0
             10              4              0
             10              5              0
             10              6    0.000247622
             10              7        2.12859
             10              8      0.0484229
             10              9        2.92725
             10             10        495.706
             10             11        2.49941
             10             12              0
             10             13       0.908815
             10             14        147.837
             10             15              0
             10             16         1.2989
             10             17        103.072
             10             18        2.73908
             10             19        10.8778
             10             20       0.125828
             11              0        142.855
             11              1        142.578
             11              2        120.647
             11              3        1.13947
             11              4       0.119316
             11              5        0.46933
             11              6       0.299624
             11              7        0.73028
             11              8       0.649679
             11              9     0.00109569
             11             10        2.49941
             11             11         352.32
             11             12       0.591741
             11             13       0.174059
             11             14        105.824
             11             15        25.4509
             11             16       0.603695
             11             17        34.0897
             11             18        10.2023
             11             19        1.20382
             11             20    2.65645e-05
             12              0       0.384988
             12              1       0.688183
             12              2        35.6968
             12              3         161.98
             12              4        155.637
             12              5        148.911
             12              6        43.6185
             12              7       0.467831
             12              8       0.350455
             12              9       0.379956
             12             10              0
             12             11       0.591741
             12             12        326.558
             12             13       0.322607
             12             14        2.02765
             12             15         92.921
             12             16        19.7586
             12             17        4.80636
             12             18        8.85534
             12             19         3.5049
             12             20       0.244796
             13              0    0.000550329
             13              1     0.00303529
             13              2    6.34747e-05
             13              3       0.277403
             13              4        0.21563
             13              5        0.59552
             13              6        111.628
             13              7        131.946
             13              8        166.157
             13              9        135.231
             13             10       0.908815
             13             11       0.174059
             13             12       0.322607
             13             13        316.219
             13             14        0.50302
             13             15       0.560003
             13             16         89.133
             13             17        29.5205
             13             18        2.23722
             13             19         13.609
             13             20       0.481039
             14              0        119.232
             14              1        104.073
             14              2        2.79249
             14              3        2.19487
             14              4       0.168283
             14              5       0.082619
             14              6       0.410915
             14              7       0.424571
             14              8       0.579473
             14              9        16.7159
             14             10        147.837
             14             11        105.824
             14             12        2.02765
             14             13        0.50302
             14             14        307.204
             14             15        2.18535
             14             16        1.14609
             14             17        44.4607
             14             18        15.4487
             14             19        6.23696
             14             20     0.00788298
             15              0        1.33093
             15              1        2.22845
             15              2        106.648
             15              3        134.086
             15              4        98.7039
             15              5        62.8584
             15              6     0.00213333
             15              7    3.48693e-05
             15              8        0.79435
             15              9       0.951952
             15             10              0
             15             11        25.4509
             15             12         92.921
             15             13       0.560003
             15             14        2.18535
             15             15        305.393
             15             16       0.544195
             15             17        8.80373
             15             18        19.8964
             15             19       0.695755
             15             20     0.00413227
             16              0        0.26269
             16              1       0.530468
             16              2    8.55108e-07
             16              3       0.730543
             16              4       0.215538
             16              5        43.7534
             16              6        117.177
             16              7        107.875
             16              8        105.704
             16              9        7.66367
             16             10         1.2989
             16             11       0.603695
             16             12        19.7586
             16             13         89.133
             16             14        1.14609
             16             15       0.544195
             16             16        299.019
             16             17        1.95069
             16             18         3.3819
             16             19        24.3939
             16             20       0.717547
             17              0        2.19142
             17              1        2.37807
             17              2        2.06392
             17              3        1.18186
             17              4        5.52856
             17              5        2.63294
             17              6    7.97777e-05
             17              7        1.53798
             17              8        2.46571
             17              9        108.958
             17             10        103.072
             17             11        34.0897
             17             12        4.80636
             17             13        29.5205
             17             14        44.4607
             17             15        8.80373
             17             16        1.95069
             17             17        300.841
             17             18        11.5341
             17             19        11.5298
             17             20       0.128859
             18              0        7.42654
             18              1        8.97983
             18              2        7.52704
             18              3        8.80664
             18              4         7.5766
             18              5        4.34437
             18              6        1.28004
             18              7       0.257743
             18              8        1.01888
             18              9        3.84686
             18             10        2.73908
             18             11        10.2023
             18             12        8.85534
             18             13        2.23722
             18             14        15.4487
             18             15        19.8964
             18             16         3.3819
             18             17        11.5341
             18             18        302.074
             18             19        8.96403
             18             20       0.406961
             19              0        0.21246
             19              1       0.426101
             19              2     0.00384339
             19              3       0.572542
             19              4        0.57894
             19              5        3.95003
             19              6        9.42216
             19              7        9.06548
             19              8        9.90657
             19              9         7.6202
             19             10        10.8778
             19             11        1.20382
             19             12         3.5049
             19             13         13.609
             19             14        6.23696
             19             15       0.695755
             19             16        24.3939
             19             17        11.5298
             19             18        8.96403
             19             19        301.858
             19             20        1.75444
             20              0              0
             20              1    3.42567e-07
             20              2    8.70576e-06
             20              3       0.105604
             20              4      0.0112771
             20              5       0.152624
             20              6        0.36098
             20              7       0.127811
             20              8       0.381382
             20              9       0.284598
             20             10       0.125828
             20             11    2.65645e-05
             20             12       0.244796
             20             13       0.481039
             20             14     0.00788298
             20             15     0.00413227
             20             16       0.717547
             20             17       0.128859
             20             18       0.406961
             20             19        1.75444
             20             20        9.00415
