              0              0        279.641
              0              1       0.560455
              0              2     0.00956195
              0              3      0.0146233
              0              4    2.48764e-07
              0              5              0
              0              6              0
              0              7       0.005932
              0              8      0.0016209
              0              9    2.28488e-08
              0             10    2.75972e-12
              0             11     0.00533085
              0             12    3.65284e-09
              0             13              0
              0             14        35.4682
              0             15     0.00125156
              0             16    0.000169124
              0             17    6.08853e-11
              0             18          22.65
              0             19      0.0017645
              0             20    0.000462839
              0             21    4.68804e-12
              0             22      0.0102727
              0             23     0.00697056
              0             24    0.000218306
              0             25    7.12712e-07
              1              0       0.560455
              1              1        276.964
              1              2       0.885752
              1              3      0.0187151
              1              4              0
              1              5              0
              1              6    6.58011e-11
              1              7    0.000532036
              1              8              0
              1              9    0.000759051
              1             10    2.75868e-08
              1             11              0
              1             12              0
              1             13              0
              1             14        33.5872
              1             15     0.00106316
              1             16    0.000216821
              1             17    4.02444e-11
              1             18        21.0135
              1             19    0.000763102
              1             20     0.00653193
              1             21    8.69397e-07
              1             22      0.0113651
              1             23     0.00946263
              1             24    0.000437232
              1             25              0
              2              0     0.00956195
              2              1       0.885752
              2              2        274.847
              2              3       0.649179
              2              4     0.00612725
              2              5     0.00276074
              2              6      0.0176206
              2              7    6.14558e-07
              2              8    2.90054e-08
              2              9              0
              2             10              0
              2             11              0
              2             12              0
              2             13              0
              2             14        34.1949
              2             15     0.00321746
              2             16    0.000377922
              2             17              0
              2             18        20.3278
              2             19     0.00631134
              2             20    1.35571e-05
              2             21              0
              2             22       0.011027
              2             23     0.00842559
              2             24    1.49909e-09
              2             25              0
              3              0      0.0146233
              3              1      0.0187151
              3              2       0.649179
              3              3        284.796
              3              4      0.0500449
              3              5              0
              3              6     0.00120358
              3              7              0
              3              8              0
              3              9    0.000325455
              3             10    5.77292e-10
              3             11     0.00102636
              3             12    0.000196258
              3             13              0
              3             14        13.3701
              3             15        26.6661
              3             16    2.34681e-05
              3             17    6.14157e-05
              3             18        5.96972
              3             19        16.3776
              3             20              0
              3             21    0.000200778
              3             22      0.0137709
              3             23     0.00755826
              3             24     0.00021676
              3             25    1.09796e-07
              4              0    2.48764e-07
              4              1              0
              4              2     0.00612725
              4              3      0.0500449
              4              4        288.628
              4              5       0.436735
              4              6     0.00644251
              4              7              0
              4              8              0
              4              9              0
              4             10    1.63258e-10
              4             11     0.00661267
              4             12      0.0111154
              4             13              0
              4             14     0.00505276
              4             15        35.4257
              4             16              0
              4             17     0.00154582
              4             18     0.00145412
              4             19        26.2352
              4             20              0
              4             21     0.00169714
              4             22      0.0156532
              4             23      0.0042029
              4             24     0.00024607
              4             25    0.000548023
              5              0              0
              5              1              0
              5              2     0.00276074
              5              3              0
              5              4       0.436735
              5              5        289.313
              5              6      0.0533669
              5              7              0
              5              8              0
              5              9              0
              5             10    9.36746e-08
              5             11     0.00547249
              5             12     0.00159084
              5             13              0
              5             14    5.01452e-05
              5             15        38.2647
              5             16              0
              5             17    0.000499158
              5             18     0.00132676
              5             19        17.1782
              5             20              0
              5             21     0.00105846
              5             22      0.0136202
              5             23     0.00470447
              5             24    0.000479329
              5             25    0.000144088
              6              0              0
              6              1    6.58011e-11
              6              2      0.0176206
              6              3     0.00120358
              6              4     0.00644251
              6              5      0.0533669
              6              6        274.098
              6              7       0.296431
              6              8              0
              6              9              0
              6             10              0
              6             11              0
              6             12              0
              6             13              0
              6             14     0.00279015
              6             15         31.989
              6             16        6.75317
              6             17              0
              6             18    0.000821934
              6             19        17.2498
              6             20        3.26897
              6             21              0
              6             22      0.0145179
              6             23     0.00469139
              6             24              0
              6             25              0
              7              0       0.005932
              7              1    0.000532036
              7              2    6.14558e-07
              7              3              0
              7              4              0
              7              5              0
              7              6       0.296431
              7              7        280.563
              7              8      0.0468993
              7              9     0.00837871
              7             10    0.000539251
              7             11     0.00140909
              7             12              0
              7             13              0
              7             14     0.00141784
              7             15              0
              7             16        37.1397
              7             17     0.00229167
              7             18    0.000627392
              7             19              0
              7             20        22.2174
              7             21     2.7415e-07
              7             22    9.59824e-05
              7             23     0.00308027
              7             24      0.0114419
              7             25    0.000904623
              8              0      0.0016209
              8              1              0
              8              2    2.90054e-08
              8              3              0
              8              4              0
              8              5              0
              8              6              0
              8              7      0.0468993
              8              8        276.171
              8              9       0.560072
              8             10      0.0182389
              8             11    0.000431489
              8             12              0
              8             13    5.78234e-09
              8             14    2.60041e-05
              8             15              0
              8             16        31.3129
              8             17     0.00230242
              8             18    1.29865e-12
              8             19              0
              8             20        21.4915
              8             21     0.00296497
              8             22              0
              8             23     0.00163592
              8             24       0.015001
              8             25    0.000510512
              9              0    2.28488e-08
              9              1    0.000759051
              9              2              0
              9              3    0.000325455
              9              4              0
              9              5              0
              9              6              0
              9              7     0.00837871
              9              8       0.560072
              9              9         276.21
              9             10        0.64882
              9             11     0.00394365
              9             12     0.00295694
              9             13      0.0128072
              9             14    0.000552618
              9             15     0.00212497
              9             16         32.467
              9             17     0.00275565
              9             18    1.03308e-08
              9             19              0
              9             20        21.8651
              9             21     0.00562193
              9             22    2.40666e-07
              9             23    0.000838165
              9             24       0.013432
              9             25    0.000707656
             10              0    2.75972e-12
             10              1    2.75868e-08
             10              2              0
             10              3    5.77292e-10
             10              4    1.63258e-10
             10              5    9.36746e-08
             10              6              0
             10              7    0.000539251
             10              8      0.0182389
             10              9        0.64882
             10             10        279.747
             10             11       0.060098
             10             12              0
             10             13     0.00211067
             10             14    0.000624885
             10             15    1.50546e-11
             10             16        19.5876
             10             17        23.0473
             10             18     0.00136263
             10             19    2.43436e-06
             10             20        4.70731
             10             21        16.1401
             10             22    2.76198e-05
             10             23     0.00275927
             10             24      0.0243433
             10             25    0.000899662
             11              0     0.00533085
             11              1              0
             11              2              0
             11              3     0.00102636
             11              4     0.00661267
             11              5     0.00547249
             11              6              0
             11              7     0.00140909
             11              8    0.000431489
             11              9     0.00394365
             11             10       0.060098
             11             11        277.856
             11             12      0.0524269
             11             13      0.0103564
             11             14     0.00251634
             11             15     0.00192677
             11             16     0.00235788
             11             17        32.4218
             11             18     0.00018876
             11             19     0.00196382
             11             20     0.00105103
             11             21        22.9482
             11             22    0.000578636
             11             23     0.00628005
             11             24      0.0111463
             11             25     0.00126324
             12              0    3.65284e-09
             12              1              0
             12              2              0
             12              3    0.000196258
             12              4      0.0111154
             12              5     0.00159084
             12              6              0
             12              7              0
             12              8              0
             12              9     0.00295694
             12             10              0
             12             11      0.0524269
             12             12        281.705
             12             13       0.556114
             12             14    8.57084e-09
             12             15     0.00121802
             12             16    4.03324e-05
             12             17        35.5887
             12             18    2.92383e-11
             12             19     0.00332164
             12             20     0.00153484
             12             21        16.8367
             12             22    0.000306218
             12             23      0.0128682
             12             24      0.0116363
             12             25    0.000369931
             13              0              0
             13              1              0
             13              2              0
             13              3              0
             13              4              0
             13              5              0
             13              6              0
             13              7              0
             13              8    5.78234e-09
             13              9      0.0128072
             13             10     0.00211067
             13             11      0.0103564
             13             12       0.556114
             13             13        284.055
             13             14        0.33258
             13             15              0
             13             16     0.00352707
             13             17        37.1439
             13             18        1.55636
             13             19              0
             13             20    0.000687499
             13             21        18.2461
             13             22        5.36403
             13             23     0.00619934
             13             24     0.00858965
             13             25    0.000660202
             14              0        35.4682
             14              1        33.5872
             14              2        34.1949
             14              3        13.3701
             14              4     0.00505276
             14              5    5.01452e-05
             14              6     0.00279015
             14              7     0.00141784
             14              8    2.60041e-05
             14              9    0.000552618
             14             10    0.000624885
             14             11     0.00251634
             14             12    8.57084e-09
             14             13        0.33258
             14             14        227.311
             14             15     0.00377196
             14             16    8.59237e-05
             14             17    2.94268e-06
             14             18        6.36797
             14             19      0.0162776
             14             20    0.000825159
             14             21    0.000248717
             14             22        1.30671
             14             23      0.0130495
             14             24     0.00032403
             14             25    1.18201e-06
             15              0     0.00125156
             15              1     0.00106316
             15              2     0.00321746
             15              3        26.6661
             15              4        35.4257
             15              5        38.2647
             15              6         31.989
             15              7              0
             15              8              0
             15              9     0.00212497
             15             10    1.50546e-11
             15             11     0.00192677
             15             12     0.00121802
             15             13              0
             15             14     0.00377196
             15             15        229.591
             15             16      0.0300476
             15             17    3.28796e-06
             15             18      0.0540963
             15             19         2.4197
             15             20    6.02452e-05
             15             21     0.00201941
             15             22      0.0377377
             15             23      0.0138721
             15             24    0.000250371
             15             25    4.68693e-06
             16              0    0.000169124
             16              1    0.000216821
             16              2    0.000377922
             16              3    2.34681e-05
             16              4              0
             16              5              0
             16              6        6.75317
             16              7        37.1397
             16              8        31.3129
             16              9         32.467
             16             10        19.5876
             16             11     0.00235788
             16             12    4.03324e-05
             16             13     0.00352707
             16             14    8.59237e-05
             16             15      0.0300476
             16             16        225.846
             16             17    0.000819144
             16             18     0.00222225
             16             19     0.00263634
             16             20        2.24489
             16             21      0.0357927
             16             22     0.00119235
             16             23     0.00895322
             16             24       0.038111
             16             25      0.0064159
             17              0    6.08853e-11
             17              1    4.02444e-11
             17              2              0
             17              3    6.14157e-05
             17              4     0.00154582
             17              5    0.000499158
             17              6              0
             17              7     0.00229167
             17              8     0.00230242
             17              9     0.00275565
             17             10        23.0473
             17             11        32.4218
             17             12        35.5887
             17             13        37.1439
             17             14    2.94268e-06
             17             15    3.28796e-06
             17             16    0.000819144
             17             17        225.017
             17             18     0.00260021
             17             19      0.0036666
             17             20      0.0105998
             17             21        2.33558
             17             22      0.0793073
             17             23      0.0285409
             17             24      0.0264853
             17             25     0.00412941
             18              0          22.65
             18              1        21.0135
             18              2        20.3278
             18              3        5.96972
             18              4     0.00145412
             18              5     0.00132676
             18              6    0.000821934
             18              7    0.000627392
             18              8    1.29865e-12
             18              9    1.03308e-08
             18             10     0.00136263
             18             11     0.00018876
             18             12    2.92383e-11
             18             13        1.55636
             18             14        6.36797
             18             15      0.0540963
             18             16     0.00222225
             18             17     0.00260021
             18             18        222.568
             18             19     0.00466627
             18             20    3.26314e-06
             18             21    0.000570764
             18             22        0.10778
             18             23       0.042398
             18             24    0.000875908
             18             25              0
             19              0      0.0017645
             19              1    0.000763102
             19              2     0.00631134
             19              3        16.3776
             19              4        26.2352
             19              5        17.1782
             19              6        17.2498
             19              7              0
             19              8              0
             19              9              0
             19             10    2.43436e-06
             19             11     0.00196382
             19             12     0.00332164
             19             13              0
             19             14      0.0162776
             19             15         2.4197
             19             16     0.00263634
             19             17      0.0036666
             19             18     0.00466627
             19             19        226.634
             19             20     3.9806e-06
             19             21    0.000405654
             19             22      0.0504955
             19             23      0.0222661
             19             24    0.000432055
             19             25    1.57281e-05
             20              0    0.000462839
             20              1     0.00653193
             20              2    1.35571e-05
             20              3              0
             20              4              0
             20              5              0
             20              6        3.26897
             20              7        22.2174
             20              8        21.4915
             20              9        21.8651
             20             10        4.70731
             20             11     0.00105103
             20             12     0.00153484
             20             13    0.000687499
             20             14    0.000825159
             20             15    6.02452e-05
             20             16        2.24489
             20             17      0.0105998
             20             18    3.26314e-06
             20             19     3.9806e-06
             20             20        223.063
             20             21     0.00600085
             20             22    0.000504402
             20             23       0.013925
             20             24      0.0505506
             20             25     0.00247304
             21              0    4.68804e-12
             21              1    8.69397e-07
             21              2              0
             21              3    0.000200778
             21              4     0.00169714
             21              5     0.00105846
             21              6              0
             21              7     2.7415e-07
             21              8     0.00296497
             21              9     0.00562193
             21             10        16.1401
             21             11        22.9482
             21             12        16.8367
             21             13        18.2461
             21             14    0.000248717
             21             15     0.00201941
             21             16      0.0357927
             21             17        2.33558
             21             18    0.000570764
             21             19    0.000405654
             21             20     0.00600085
             21             21        223.897
             21             22     0.00143725
             21             23      0.0283504
             21             24       0.040546
             21             25     0.00212813
             22              0      0.0102727
             22              1      0.0113651
             22              2       0.011027
             22              3      0.0137709
             22              4      0.0156532
             22              5      0.0136202
             22              6      0.0145179
             22              7    9.59824e-05
             22              8              0
             22              9    2.40666e-07
             22             10    2.76198e-05
             22             11    0.000578636
             22             12    0.000306218
             22             13        5.36403
             22             14        1.30671
             22             15      0.0377377
             22             16     0.00119235
             22             17      0.0793073
             22             18        0.10778
             22             19      0.0504955
             22             20    0.000504402
             22             21     0.00143725
             22             22        222.033
             22             23      0.0461121
             22             24      0.0044391
             22             25     0.00191948
             23              0     0.00697056
             23              1     0.00946263
             23              2     0.00842559
             23              3     0.00755826
             23              4      0.0042029
             23              5     0.00470447
             23              6     0.00469139
             23              7     0.00308027
             23              8     0.00163592
             23              9    0.000838165
             23             10     0.00275927
             23             11     0.00628005
             23             12      0.0128682
             23             13     0.00619934
             23             14      0.0130495
             23             15      0.0138721
             23             16     0.00895322
             23             17      0.0285409
             23             18       0.042398
             23             19      0.0222661
             23             20       0.013925
             23             21      0.0283504
             23             22      0.0461121
             23             23        221.047
             23             24      0.0213803
             23             25     0.00247705
             24              0    0.000218306
             24              1    0.000437232
             24              2    1.49909e-09
             24              3     0.00021676
             24              4     0.00024607
             24              5    0.000479329
             24              6              0
             24              7      0.0114419
             24              8       0.015001
             24              9       0.013432
             24             10      0.0243433
             24             11      0.0111463
             24             12      0.0116363
             24             13     0.00858965
             24             14     0.00032403
             24             15    0.000250371
             24             16       0.038111
             24             17      0.0264853
             24             18    0.000875908
             24             19    0.000432055
             24             20      0.0505506
             24             21       0.040546
             24             22      0.0044391
             24             23      0.0213803
             24             24        221.065
             24             25      0.0125031
             25              0    7.12712e-07
             25              1              0
             25              2              0
             25              3    1.09796e-07
             25              4    0.000548023
             25              5    0.000144088
             25              6              0
             25              7    0.000904623
             25              8    0.000510512
             25              9    0.000707656
             25             10    0.000899662
             25             11     0.00126324
             25             12    0.000369931
             25             13    0.000660202
             25             14    1.18201e-06
             25             15    4.68693e-06
             25             16      0.0064159
             25             17     0.00412941
             25             18              0
             25             19    1.57281e-05
             25             20     0.00247304
             25             21     0.00212813
             25             22     0.00191948
             25             23     0.00247705
             25             24      0.0125031
             25             25         24.002
