              0              0        144.679
              0              1       0.669245
              0              2              0
              0              3              0
              0              4    2.66714e-06
              0              5       0.870336
              0              6        7.59613
              0              7        2.98336
              0              8      0.0798348
              0              9        15.8834
              0             10        111.328
              0             11              0
              0             12    1.16502e-07
              0             13        1.76384
              0             14        5.34472
              0             15       0.660626
              0             16        44.7352
              0             17        1.74848
              0             18        15.7862
              0             19        7.49092
              0             20              0
              1              0       0.669245
              1              1        151.593
              1              2         5.2174
              1              3        5.44026
              1              4        1.62924
              1              5        10.1749
              1              6        1.29546
              1              7        0.82867
              1              8       0.254449
              1              9        10.7875
              1             10        105.437
              1             11        25.2393
              1             12       0.788984
              1             13        4.09539
              1             14        0.31989
              1             15        4.36682
              1             16        40.8775
              1             17        2.08104
              1             18        18.2268
              1             19        6.47624
              1             20              0
              2              0              0
              2              1         5.2174
              2              2         151.88
              2              3        3.85151
              2              4              0
              2              5        2.10234
              2              6        1.13698
              2              7              0
              2              8              0
              2              9    0.000472732
              2             10        1.46562
              2             11        134.786
              2             12     1.5736e-05
              2             13        1.85108
              2             14              0
              2             15    3.98592e-05
              2             16        44.0198
              2             17       0.286494
              2             18        21.7674
              2             19        2.09028
              2             20              0
              3              0              0
              3              1        5.44026
              3              2        3.85151
              3              3        158.185
              3              4        6.65749
              3              5      0.0745974
              3              6              0
              3              7              0
              3              8        2.23806
              3              9        3.49391
              3             10        1.43249
              3             11        64.7466
              3             12        75.0322
              3             13       0.479481
              3             14              0
              3             15        1.88021
              3             16        34.0333
              3             17       0.103953
              3             18        23.2257
              3             19        1.43431
              3             20              0
              4              0    2.66714e-06
              4              1        1.62924
              4              2              0
              4              3        6.65749
              4              4        156.081
              4              5        6.35814
              4              6              0
              4              7              0
              4              8         4.2307
              4              9        2.91614
              4             10        0.41694
              4             11     4.3769e-06
              4             12        138.978
              4             13        1.35329
              4             14              0
              4             15        1.82994
              4             16        6.24013
              4             17        29.5644
              4             18        26.1804
              4             19        0.28641
              4             20              0
              5              0       0.870336
              5              1        10.1749
              5              2        2.10234
              5              3      0.0745974
              5              4        6.35814
              5              5        143.288
              5              6        5.71841
              5              7    1.35229e-05
              5              8      0.0625006
              5              9        2.43867
              5             10        3.81662
              5             11       0.648705
              5             12        17.3144
              5             13        127.098
              5             14    7.60486e-07
              5             15        0.80773
              5             16       0.964991
              5             17        33.9015
              5             18        11.5457
              5             19        23.6623
              5             20              0
              6              0        7.59613
              6              1        1.29546
              6              2        1.13698
              6              3              0
              6              4              0
              6              5        5.71841
              6              6        146.077
              6              7        6.37892
              6              8     2.2239e-05
              6              9      0.0349493
              6             10        3.70598
              6             11        1.20101
              6             12    5.74982e-07
              6             13        79.2156
              6             14        49.6251
              6             15     0.00206854
              6             16        1.84974
              6             17        43.1923
              6             18        3.27424
              6             19        20.6693
              6             20              0
              7              0        2.98336
              7              1        0.82867
              7              2              0
              7              3              0
              7              4              0
              7              5    1.35229e-05
              7              6        6.37892
              7              7        149.002
              7              8        5.16026
              7              9        3.11394
              7             10        1.38992
              7             11              0
              7             12              0
              7             13       0.378569
              7             14        142.524
              7             15        1.68996
              7             16       0.331263
              7             17        36.1048
              7             18       0.590286
              7             19        24.7349
              7             20              0
              8              0      0.0798348
              8              1       0.254449
              8              2              0
              8              3        2.23806
              8              4         4.2307
              8              5      0.0625006
              8              6     2.2239e-05
              8              7        5.16026
              8              8        150.595
              8              9         14.844
              8             10      0.0925518
              8             11       0.224601
              8             12        1.60357
              8             13      0.0242412
              8             14        12.1317
              8             15        127.692
              8             16        1.46567
              8             17        33.6281
              8             18        0.37026
              8             19        25.5531
              8             20              0
              9              0        15.8834
              9              1        10.7875
              9              2    0.000472732
              9              3        3.49391
              9              4        2.91614
              9              5        2.43867
              9              6      0.0349493
              9              7        3.11394
              9              8         14.844
              9              9        149.527
              9             10        6.32301
              9             11       0.653946
              9             12        1.56856
              9             13        1.39103
              9             14        2.17765
              9             15        97.8084
              9             16        39.5209
              9             17        25.1668
              9             18        12.6675
              9             19         21.764
              9             20              0
             10              0        111.328
             10              1        105.437
             10              2        1.46562
             10              3        1.43249
             10              4        0.41694
             10              5        3.81662
             10              6        3.70598
             10              7        1.38992
             10              8      0.0925518
             10              9        6.32301
             10             10        151.536
             10             11       0.948645
             10             12       0.142615
             10             13        1.43196
             10             14        1.33424
             10             15       0.863548
             10             16        58.2341
             10             17       0.896132
             10             18        31.0096
             10             19        2.95898
             10             20              0
             11              0              0
             11              1        25.2393
             11              2        134.786
             11              3        64.7466
             11              4     4.3769e-06
             11              5       0.648705
             11              6        1.20101
             11              7              0
             11              8       0.224601
             11              9       0.653946
             11             10       0.948645
             11             11        155.289
             11             12        1.86166
             11             13       0.610857
             11             14              0
             11             15       0.198967
             11             16        56.7464
             11             17       0.048204
             11             18        35.7908
             11             19        0.92967
             11             20              0
             12              0    1.16502e-07
             12              1       0.788984
             12              2     1.5736e-05
             12              3        75.0322
             12              4        138.978
             12              5        17.3144
             12              6    5.74982e-07
             12              7              0
             12              8        1.60357
             12              9        1.56856
             12             10       0.142615
             12             11        1.86166
             12             12        155.735
             12             13        2.06065
             12             14              0
             12             15       0.640477
             12             16        16.8364
             12             17        27.8053
             12             18        41.6078
             12             19      0.0762394
             12             20              0
             13              0        1.76384
             13              1        4.09539
             13              2        1.85108
             13              3       0.479481
             13              4        1.35329
             13              5        127.098
             13              6        79.2156
             13              7       0.378569
             13              8      0.0242412
             13              9        1.39103
             13             10        1.43196
             13             11       0.610857
             13             12        2.06065
             13             13        154.855
             13             14       0.537025
             13             15       0.329953
             13             16       0.745317
             13             17        48.2328
             13             18        6.70721
             13             19        36.6609
             13             20              0
             14              0        5.34472
             14              1        0.31989
             14              2              0
             14              3              0
             14              4              0
             14              5    7.60486e-07
             14              6        49.6251
             14              7        142.524
             14              8        12.1317
             14              9        2.17765
             14             10        1.33424
             14             11              0
             14             12              0
             14             13       0.537025
             14             14        158.824
             14             15        2.68295
             14             16        0.40949
             14             17        47.4786
             14             18        0.73698
             14             19        36.1096
             14             20              0
             15              0       0.660626
             15              1        4.36682
             15              2    3.98592e-05
             15              3        1.88021
             15              4        1.82994
             15              5        0.80773
             15              6     0.00206854
             15              7        1.68996
             15              8        127.692
             15              9        97.8084
             15             10       0.863548
             15             11       0.198967
             15             12       0.640477
             15             13       0.329953
             15             14        2.68295
             15             15        154.374
             15             16       0.925131
             15             17          47.61
             15             18       0.916366
             15             19        35.4573
             15             20              0
             16              0        44.7352
             16              1        40.8775
             16              2        44.0198
             16              3        34.0333
             16              4        6.24013
             16              5       0.964991
             16              6        1.84974
             16              7       0.331263
             16              8        1.46567
             16              9        39.5209
             16             10        58.2341
             16             11        56.7464
             16             12        16.8364
             16             13       0.745317
             16             14        0.40949
             16             15       0.925131
             16             16        110.495
             16             17        3.84642
             16             18         29.675
             16             19        11.4502
             16             20              0
             17              0        1.74848
             17              1        2.08104
             17              2       0.286494
             17              3       0.103953
             17              4        29.5644
             17              5        33.9015
             17              6        43.1923
             17              7        36.1048
             17              8        33.6281
             17              9        25.1668
             17             10       0.896132
             17             11       0.048204
             17             12        27.8053
             17             13        48.2328
             17             14        47.4786
             17             15          47.61
             17             16        3.84642
             17             17        101.865
             17             18        10.3356
             17             19        31.9102
             17             20              0
             18              0        15.7862
             18              1        18.2268
             18              2        21.7674
             18              3        23.2257
             18              4        26.1804
             18              5        11.5457
             18              6        3.27424
             18              7       0.590286
             18              8        0.37026
             18              9        12.6675
             18             10        31.0096
             18             11        35.7908
             18             12        41.6078
             18             13        6.70721
             18             14        0.73698
             18             15       0.916366
             18             16         29.675
             18             17        10.3356
             18             18        96.9635
             18             19        2.48145
             18             20              0
             19              0        7.49092
             19              1        6.47624
             19              2        2.09028
             19              3        1.43431
             19              4        0.28641
             19              5        23.6623
             19              6        20.6693
             19              7        24.7349
             19              8        25.5531
             19              9         21.764
             19             10        2.95898
             19             11        0.92967
             19             12      0.0762394
             19             13        36.6609
             19             14        36.1096
             19             15        35.4573
             19             16        11.4502
             19             17        31.9102
             19             18        2.48145
             19             19        97.0843
             19             20              0
             20              0              0
             20              1              0
             20              2              0
             20              3              0
             20              4              0
             20              5              0
             20              6              0
             20              7              0
             20              8              0
             20              9              0
             20             10              0
             20             11              0
             20             12              0
             20             13              0
             20             14              0
             20             15              0
             20             16              0
             20             17              0
             20             18              0
             20             19              0
             20             20              0
