              0              0        6.69816
              0              1        3.93207
              0              2      0.0188562
              0              3      0.0163852
              0              4       0.035279
              0              5      0.0108378
              0              6       0.425122
              0              7       0.163581
              0              8       0.110481
              0              9        2.24809
              0             10        4.44059
              0             11      0.0113417
              0             12      0.0852529
              0             13     0.00146204
              0             14      0.0183215
              0             15     0.00614765
              0             16       0.617834
              0             17      0.0704702
              0             18        0.13221
              0             19        0.86262
              0             20      0.0224743
              0             21       0.239125
              0             22       0.242826
              1              0        3.93207
              1              1        6.49888
              1              2        1.96765
              1              3       0.859376
              1              4       0.564381
              1              5        0.10038
              1              6       0.210962
              1              7       0.170178
              1              8       0.027472
              1              9       0.962085
              1             10         3.4042
              1             11       0.721855
              1             12       0.740915
              1             13          0.886
              1             14       0.368883
              1             15     0.00878843
              1             16       0.628613
              1             17      0.0915194
              1             18      0.0155069
              1             19       0.325965
              1             20       0.325046
              1             21       0.744758
              1             22       0.802318
              2              0      0.0188562
              2              1        1.96765
              2              2        8.24465
              2              3        3.90732
              2              4        1.36877
              2              5       0.352803
              2              6       0.116683
              2              7        0.19245
              2              8     0.00166559
              2              9      0.0270952
              2             10       0.214795
              2             11        5.24655
              2             12        2.58766
              2             13        1.64632
              2             14       0.432568
              2             15      0.0316742
              2             16       0.141283
              2             17        0.63445
              2             18     0.00101484
              2             19      0.0923759
              2             20        1.14525
              2             21        1.93035
              2             22       0.291457
              3              0      0.0163852
              3              1       0.859376
              3              2        3.90732
              3              3         5.9084
              3              4        1.92256
              3              5        1.37061
              3              6       0.166309
              3              7       0.319855
              3              8     0.00248883
              3              9      0.0486453
              3             10       0.005161
              3             11        2.73161
              3             12        4.29756
              3             13        4.03712
              3             14       0.781973
              3             15       0.466181
              3             16      0.0360301
              3             17       0.453665
              3             18     0.00173509
              3             19       0.160648
              3             20       0.633519
              3             21        1.65569
              3             22       0.316487
              4              0       0.035279
              4              1       0.564381
              4              2        1.36877
              4              3        1.92256
              4              4         8.1128
              4              5        1.72572
              4              6      0.0289802
              4              7     0.00431723
              4              8    2.01363e-06
              4              9      0.0454475
              4             10    5.53243e-06
              4             11       0.558938
              4             12       0.563242
              4             13        2.40391
              4             14        5.65232
              4             15       0.843961
              4             16    0.000622536
              4             17       0.750247
              4             18    1.74824e-06
              4             19        1.42725
              4             20       0.201116
              4             21        2.10777
              4             22       0.190807
              5              0      0.0108378
              5              1        0.10038
              5              2       0.352803
              5              3        1.37061
              5              4        1.72572
              5              5        7.17496
              5              6        1.26692
              5              7       0.111326
              5              8      0.0056203
              5              9      0.0038344
              5             10        0.05634
              5             11       0.335659
              5             12      0.0316356
              5             13        1.59464
              5             14        1.85065
              5             15        5.22727
              5             16       0.581153
              5             17       0.273165
              5             18      0.0064632
              5             19      0.0138897
              5             20        4.39201
              5             21        1.01581
              5             22      0.0201044
              6              0       0.425122
              6              1       0.210962
              6              2       0.116683
              6              3       0.166309
              6              4      0.0289802
              6              5        1.26692
              6              6        6.91538
              6              7      0.0201986
              6              8        1.29277
              6              9        1.14013
              6             10       0.158794
              6             11       0.242681
              6             12      0.0162308
              6             13       0.439439
              6             14      0.0610725
              6             15        1.47434
              6             16        4.91252
              6             17        1.17979
              6             18        0.59337
              6             19       0.874503
              6             20        2.56439
              6             21       0.979856
              6             22    0.000243019
              7              0       0.163581
              7              1       0.170178
              7              2        0.19245
              7              3       0.319855
              7              4     0.00431723
              7              5       0.111326
              7              6      0.0201986
              7              7        8.24245
              7              8         2.6622
              7              9    1.78696e-05
              7             10       0.662635
              7             11       0.221861
              7             12     0.00167034
              7             13       0.232011
              7             14     0.00462155
              7             15       0.238505
              7             16      0.0571306
              7             17        3.17441
              7             18        2.18288
              7             19    0.000336095
              7             20      0.0856056
              7             21        1.18896
              7             22       0.978614
              8              0       0.110481
              8              1       0.027472
              8              2     0.00166559
              8              3     0.00248883
              8              4    2.01363e-06
              8              5      0.0056203
              8              6        1.29277
              8              7         2.6622
              8              8        7.07125
              8              9        1.59604
              8             10        0.19391
              8             11     0.00360927
              8             12    8.34069e-06
              8             13     0.00201311
              8             14    5.67346e-06
              8             15      0.0551294
              8             16       0.171337
              8             17       0.162558
              8             18        4.97217
              8             19        1.76444
              8             20       0.115396
              8             21      0.0394942
              8             22       0.146159
              9              0        2.24809
              9              1       0.962085
              9              2      0.0270952
              9              3      0.0486453
              9              4      0.0454475
              9              5      0.0038344
              9              6        1.14013
              9              7    1.78696e-05
              9              8        1.59604
              9              9        6.95952
              9             10     0.00419953
              9             11     0.00960205
              9             12        0.25097
              9             13     0.00219406
              9             14      0.0217117
              9             15      0.0828477
              9             16       0.292179
              9             17      0.0251692
              9             18       0.157754
              9             19         2.5146
              9             20      0.0197745
              9             21       0.394886
              9             22       0.385998
             10              0        4.44059
             10              1         3.4042
             10              2       0.214795
             10              3       0.005161
             10              4    5.53243e-06
             10              5        0.05634
             10              6       0.158794
             10              7       0.662635
             10              8        0.19391
             10              9     0.00419953
             10             10        5.91222
             10             11       0.613862
             10             12      0.0078085
             10             13     0.00287115
             10             14    1.67401e-06
             10             15     0.00693191
             10             16       0.577498
             10             17       0.184551
             10             18       0.195296
             10             19       0.234948
             10             20       0.165821
             10             21      0.0539029
             10             22      0.0123612
             11              0      0.0113417
             11              1       0.721855
             11              2        5.24655
             11              3        2.73161
             11              4       0.558938
             11              5       0.335659
             11              6       0.242681
             11              7       0.221861
             11              8     0.00360927
             11              9     0.00960205
             11             10       0.613862
             11             11        6.30323
             11             12        2.18658
             11             13       0.870425
             11             14       0.277813
             11             15      0.0293783
             11             16       0.353057
             11             17       0.654337
             11             18     0.00120525
             11             19       0.248498
             11             20        1.14654
             11             21        1.07475
             11             22      0.0793453
             12              0      0.0852529
             12              1       0.740915
             12              2        2.58766
             12              3        4.29756
             12              4       0.563242
             12              5      0.0316356
             12              6      0.0162308
             12              7     0.00167034
             12              8    8.34069e-06
             12              9        0.25097
             12             10      0.0078085
             12             11        2.18658
             12             12        6.70489
             12             13        1.08748
             12             14        0.54865
             12             15     0.00666774
             12             16     0.00698066
             12             17       0.168772
             12             18    9.71687e-06
             12             19       0.162646
             12             20      0.0873416
             12             21       0.743432
             12             22       0.258791
             13              0     0.00146204
             13              1          0.886
             13              2        1.64632
             13              3        4.03712
             13              4        2.40391
             13              5        1.59464
             13              6       0.439439
             13              7       0.232011
             13              8     0.00201311
             13              9     0.00219406
             13             10     0.00287115
             13             11       0.870425
             13             12        1.08748
             13             13        5.77866
             13             14        1.82257
             13             15        1.01331
             13             16       0.185324
             13             17       0.309091
             13             18     0.00235524
             13             19      0.0749552
             13             20        1.18213
             13             21        1.15149
             13             22       0.398955
             14              0      0.0183215
             14              1       0.368883
             14              2       0.432568
             14              3       0.781973
             14              4        5.65232
             14              5        1.85065
             14              6      0.0610725
             14              7     0.00462155
             14              8    5.67346e-06
             14              9      0.0217117
             14             10    1.67401e-06
             14             11       0.277813
             14             12        0.54865
             14             13        1.82257
             14             14        5.98584
             14             15        1.16355
             14             16     0.00278275
             14             17       0.556793
             14             18     1.0024e-05
             14             19       0.542572
             14             20       0.163498
             14             21        1.44937
             14             22        0.18916
             15              0     0.00614765
             15              1     0.00878843
             15              2      0.0316742
             15              3       0.466181
             15              4       0.843961
             15              5        5.22727
             15              6        1.47434
             15              7       0.238505
             15              8      0.0551294
             15              9      0.0828477
             15             10     0.00693191
             15             11      0.0293783
             15             12     0.00666774
             15             13        1.01331
             15             14        1.16355
             15             15        5.70258
             15             16       0.605345
             15             17       0.350947
             15             18      0.0287441
             15             19       0.079339
             15             20         2.3219
             15             21       0.690238
             15             22      0.0554832
             16              0       0.617834
             16              1       0.628613
             16              2       0.141283
             16              3      0.0360301
             16              4    0.000622536
             16              5       0.581153
             16              6        4.91252
             16              7      0.0571306
             16              8       0.171337
             16              9       0.292179
             16             10       0.577498
             16             11       0.353057
             16             12     0.00698066
             16             13       0.185324
             16             14     0.00278275
             16             15       0.605345
             16             16        6.18341
             16             17        1.12959
             16             18       0.267609
             16             19       0.710836
             16             20        1.97803
             16             21       0.306919
             16             22    0.000175243
             17              0      0.0704702
             17              1      0.0915194
             17              2        0.63445
             17              3       0.453665
             17              4       0.750247
             17              5       0.273165
             17              6        1.17979
             17              7        3.17441
             17              8       0.162558
             17              9      0.0251692
             17             10       0.184551
             17             11       0.654337
             17             12       0.168772
             17             13       0.309091
             17             14       0.556793
             17             15       0.350947
             17             16        1.12959
             17             17        5.26631
             17             18       0.257306
             17             19       0.225375
             17             20       0.328407
             17             21        2.02078
             17             22       0.321078
             18              0        0.13221
             18              1      0.0155069
             18              2     0.00101484
             18              3     0.00173509
             18              4    1.74824e-06
             18              5      0.0064632
             18              6        0.59337
             18              7        2.18288
             18              8        4.97217
             18              9       0.157754
             18             10       0.195296
             18             11     0.00120525
             18             12    9.71687e-06
             18             13     0.00235524
             18             14     1.0024e-05
             18             15      0.0287441
             18             16       0.267609
             18             17       0.257306
             18             18        5.65892
             18             19       0.381334
             18             20       0.169197
             18             21      0.0230733
             18             22       0.199756
             19              0        0.86262
             19              1       0.325965
             19              2      0.0923759
             19              3       0.160648
             19              4        1.42725
             19              5      0.0138897
             19              6       0.874503
             19              7    0.000336095
             19              8        1.76444
             19              9         2.5146
             19             10       0.234948
             19             11       0.248498
             19             12       0.162646
             19             13      0.0749552
             19             14       0.542572
             19             15       0.079339
             19             16       0.710836
             19             17       0.225375
             19             18       0.381334
             19             19        5.44814
             19             20      0.0184982
             19             21       0.284873
             19             22      0.0042529
             20              0      0.0224743
             20              1       0.325046
             20              2        1.14525
             20              3       0.633519
             20              4       0.201116
             20              5        4.39201
             20              6        2.56439
             20              7      0.0856056
             20              8       0.115396
             20              9      0.0197745
             20             10       0.165821
             20             11        1.14654
             20             12      0.0873416
             20             13        1.18213
             20             14       0.163498
             20             15         2.3219
             20             16        1.97803
             20             17       0.328407
             20             18       0.169197
             20             19      0.0184982
             20             20        5.59056
             20             21       0.528335
             20             22      0.0129247
             21              0       0.239125
             21              1       0.744758
             21              2        1.93035
             21              3        1.65569
             21              4        2.10777
             21              5        1.01581
             21              6       0.979856
             21              7        1.18896
             21              8      0.0394942
             21              9       0.394886
             21             10      0.0539029
             21             11        1.07475
             21             12       0.743432
             21             13        1.15149
             21             14        1.44937
             21             15       0.690238
             21             16       0.306919
             21             17        2.02078
             21             18      0.0230733
             21             19       0.284873
             21             20       0.528335
             21             21        5.15869
             21             22       0.765776
             22              0       0.242826
             22              1       0.802318
             22              2       0.291457
             22              3       0.316487
             22              4       0.190807
             22              5      0.0201044
             22              6    0.000243019
             22              7       0.978614
             22              8       0.146159
             22              9       0.385998
             22             10      0.0123612
             22             11      0.0793453
             22             12       0.258791
             22             13       0.398955
             22             14        0.18916
             22             15      0.0554832
             22             16    0.000175243
             22             17       0.321078
             22             18       0.199756
             22             19      0.0042529
             22             20      0.0129247
             22             21       0.765776
             22             22              2
