              0              0        2.67637
              0              1        1.51359
              0              2        1.50433
              0              3       0.396497
              0              4      0.0163456
              0              5       0.262713
              0              6       0.366567
              0              7       0.248121
              0              8       0.447716
              0              9      0.0137884
              0             10        1.19069
              0             11        0.31774
              0             12      0.0428903
              0             13      0.0171451
              0             14        0.21765
              0             15       0.038748
              0             16    0.000663182
              0             17       0.345857
              0             18      0.0975115
              0             19      0.0783018
              0             20       0.398756
              0             21       0.236125
              0             22       0.015167
              0             23     0.00254132
              0             24    3.63161e-05
              0             25        1.00482
              0             26      0.0991456
              1              0        1.51359
              1              1        2.67811
              1              2        1.49638
              1              3      0.0988923
              1              4     0.00189453
              1              5      0.0136111
              1              6       0.014769
              1              7     0.00751273
              1              8        1.30049
              1              9      0.0708032
              1             10       0.495669
              1             11        1.22481
              1             12       0.047169
              1             13    0.000404972
              1             14      0.0120379
              1             15       0.365381
              1             16     0.00054988
              1             17      0.0269614
              1             18     0.00148068
              1             19    0.000862212
              1             20         1.1183
              1             21       0.681414
              1             22      0.0770556
              1             23        0.01338
              1             24    0.000238117
              1             25        0.09954
              1             26       0.385873
              2              0        1.50433
              2              1        1.49638
              2              2        2.67565
              2              3        1.30785
              2              4       0.101939
              2              5       0.382117
              2              6       0.225228
              2              7       0.135705
              2              8      0.0986409
              2              9     0.00108177
              2             10       0.148806
              2             11        1.07308
              2             12       0.443415
              2             13      0.0499797
              2             14       0.255757
              2             15       0.609322
              2             16      0.0162923
              2             17        0.26927
              2             18      0.0439049
              2             19      0.0256678
              2             20      0.0711111
              2             21      0.0562851
              2             22    0.000925441
              2             23    0.000218103
              2             24    3.91276e-07
              2             25       0.376597
              2             26        1.00278
              3              0       0.396497
              3              1      0.0988923
              3              2        1.30785
              3              3        2.63281
              3              4        1.43562
              3              5        1.39478
              3              6       0.664019
              3              7       0.221252
              3              8     0.00135574
              3              9    2.93111e-06
              3             10      0.0136446
              3             11        1.21457
              3             12        1.32333
              3             13       0.596733
              3             14       0.779952
              3             15       0.256283
              3             16       0.448585
              3             17       0.290625
              3             18       0.116887
              3             19       0.065976
              3             20    0.000699346
              3             21    0.000829652
              3             22    1.65575e-06
              3             23    6.08769e-07
              3             24              0
              3             25       0.223353
              3             26       0.382422
              4              0      0.0163456
              4              1     0.00189453
              4              2       0.101939
              4              3        1.43562
              4              4        2.63255
              4              5        1.38984
              4              6       0.973779
              4              7      0.0435619
              4              8    5.56568e-06
              4              9              0
              4             10    0.000122407
              4             11       0.273533
              4             12        1.68358
              4             13        1.75961
              4             14       0.936344
              4             15       0.624094
              4             16        1.07396
              4             17      0.0177658
              4             18      0.0300016
              4             19      0.0594048
              4             20    1.49342e-06
              4             21    8.67199e-06
              4             22              0
              4             23              0
              4             24              0
              4             25      0.0167741
              4             26      0.0369047
              5              0       0.262713
              5              1      0.0136111
              5              2       0.382117
              5              3        1.39478
              5              4        1.38984
              5              5        2.62354
              5              6       0.948531
              5              7       0.802706
              5              8    0.000219344
              5              9    3.63617e-07
              5             10      0.0111953
              5             11       0.625899
              5             12        0.61993
              5             13        1.76189
              5             14        2.35033
              5             15      0.0449628
              5             16      0.0587687
              5             17       0.384951
              5             18       0.500559
              5             19       0.704506
              5             20    0.000115557
              5             21    0.000161947
              5             22    2.10161e-07
              5             23    8.84974e-08
              5             24              0
              5             25       0.383252
              5             26      0.0242834
              6              0       0.366567
              6              1       0.014769
              6              2       0.225228
              6              3       0.664019
              6              4       0.973779
              6              5       0.948531
              6              6        2.00111
              6              7        1.25015
              6              8    0.000504264
              6              9    9.24065e-07
              6             10      0.0415694
              6             11       0.217255
              6             12       0.483487
              6             13       0.423529
              6             14       0.653874
              6             15       0.789719
              6             16        1.57159
              6             17       0.780012
              6             18       0.781372
              6             19       0.778965
              6             20    0.000472063
              6             21    0.000254489
              6             22    9.13807e-07
              6             23     1.4491e-07
              6             24              0
              6             25        0.67055
              6             26      0.0151833
              7              0       0.248121
              7              1     0.00751273
              7              2       0.135705
              7              3       0.221252
              7              4      0.0435619
              7              5       0.802706
              7              6        1.25015
              7              7         2.2863
              7              8    0.000209629
              7              9    1.68282e-07
              7             10      0.0281252
              7             11       0.229603
              7             12      0.0129165
              7             13       0.254155
              7             14       0.624873
              7             15    0.000628544
              7             16     0.00017624
              7             17        1.90003
              7             18        2.00002
              7             19        1.88656
              7             20    0.000267197
              7             21    5.99927e-05
              7             22    2.17544e-07
              7             23    1.54105e-08
              7             24              0
              7             25        0.64856
              7             26     0.00329591
              8              0       0.447716
              8              1        1.30049
              8              2      0.0986409
              8              3     0.00135574
              8              4    5.56568e-06
              8              5    0.000219344
              8              6    0.000504264
              8              7    0.000209629
              8              8         2.6245
              8              9        1.23418
              8             10       0.365755
              8             11       0.329949
              8             12    0.000396027
              8             13    1.23956e-06
              8             14    0.000302233
              8             15      0.0120641
              8             16    1.01298e-06
              8             17    0.000849487
              8             18    5.12668e-05
              8             19    3.29201e-05
              8             20        2.34677
              8             21        2.35694
              8             22        1.21735
              8             23       0.503212
              8             24      0.0478964
              8             25      0.0446982
              8             26      0.0098987
              9              0      0.0137884
              9              1      0.0708032
              9              2     0.00108177
              9              3    2.93111e-06
              9              4              0
              9              5    3.63617e-07
              9              6    9.24065e-07
              9              7    1.68282e-07
              9              8        1.23418
              9              9        2.62606
              9             10       0.922032
              9             11      0.0190114
              9             12    1.52572e-06
              9             13              0
              9             14    1.07493e-06
              9             15    0.000148353
              9             16              0
              9             17    6.59632e-07
              9             18    8.45969e-08
              9             19    8.90044e-08
              9             20       0.489392
              9             21        1.22361
              9             22        2.35012
              9             23        2.35123
              9             24        1.08538
              9             25       0.607475
              9             26    7.54207e-05
             10              0        1.19069
             10              1       0.495669
             10              2       0.148806
             10              3      0.0136446
             10              4    0.000122407
             10              5      0.0111953
             10              6      0.0415694
             10              7      0.0281252
             10              8       0.365755
             10              9       0.922032
             10             10        2.00007
             10             11      0.0297859
             10             12    0.000723095
             10             13    0.000174183
             10             14      0.0123921
             10             15     0.00173068
             10             16    2.52001e-06
             10             17      0.0415337
             10             18      0.0201032
             10             19        0.01122
             10             20       0.372943
             10             21       0.247367
             10             22       0.461586
             10             23       0.787876
             10             24        1.57072
             10             25        1.04462
             10             26     0.00413522
             11              0        0.31774
             11              1        1.22481
             11              2        1.07308
             11              3        1.21457
             11              4       0.273533
             11              5       0.625899
             11              6       0.217255
             11              7       0.229603
             11              8       0.329949
             11              9      0.0190114
             11             10      0.0297859
             11             11        2.00653
             11             12       0.284932
             11             13       0.348065
             11             14       0.222413
             11             15       0.419341
             11             16      0.0280988
             11             17       0.413053
             11             18       0.166581
             11             19      0.0275707
             11             20       0.351094
             11             21       0.230912
             11             22      0.0258413
             11             23     0.00500571
             11             24    3.70932e-05
             11             25        0.10414
             11             26       0.409099
             12              0      0.0428903
             12              1       0.047169
             12              2       0.443415
             12              3        1.32333
             12              4        1.68358
             12              5        0.61993
             12              6       0.483487
             12              7      0.0129165
             12              8    0.000396027
             12              9    1.52572e-06
             12             10    0.000723095
             12             11       0.284932
             12             12        2.03111
             12             13       0.915099
             12             14       0.417319
             12             15       0.443112
             12             16       0.755354
             12             17      0.0124781
             12             18      0.0121415
             12             19      0.0154345
             12             20     0.00016767
             12             21    0.000590476
             12             22    7.82756e-07
             12             23    8.55678e-07
             12             24              0
             12             25      0.0111264
             12             26       0.393398
             13              0      0.0171451
             13              1    0.000404972
             13              2      0.0499797
             13              3       0.596733
             13              4        1.75961
             13              5        1.76189
             13              6       0.423529
             13              7       0.254155
             13              8    1.23956e-06
             13              9              0
             13             10    0.000174183
             13             11       0.348065
             13             12       0.915099
             13             13        2.15608
             13             14        1.27304
             13             15       0.263707
             13             16       0.193954
             13             17       0.161537
             13             18       0.319812
             13             19       0.201421
             13             20    5.82174e-07
             13             21     8.8786e-07
             13             22              0
             13             23              0
             13             24              0
             13             25        0.03539
             13             26     0.00470212
             14              0        0.21765
             14              1      0.0120379
             14              2       0.255757
             14              3       0.779952
             14              4       0.936344
             14              5        2.35033
             14              6       0.653874
             14              7       0.624873
             14              8    0.000302233
             14              9    1.07493e-06
             14             10      0.0123921
             14             11       0.222413
             14             12       0.417319
             14             13        1.27304
             14             14        2.26521
             14             15      0.0367194
             14             16      0.0301162
             14             17       0.141339
             14             18       0.337456
             14             19        0.97347
             14             20    0.000119959
             14             21    0.000457811
             14             22    5.19633e-07
             14             23     5.9214e-07
             14             24              0
             14             25       0.315846
             14             26      0.0129795
             15              0       0.038748
             15              1       0.365381
             15              2       0.609322
             15              3       0.256283
             15              4       0.624094
             15              5      0.0449628
             15              6       0.789719
             15              7    0.000628544
             15              8      0.0120641
             15              9    0.000148353
             15             10     0.00173068
             15             11       0.419341
             15             12       0.443112
             15             13       0.263707
             15             14      0.0367194
             15             15        2.00037
             15             16        1.06433
             15             17     0.00344558
             15             18    0.000164981
             15             19    0.000408405
             15             20      0.0138382
             15             21      0.0112338
             15             22    0.000199748
             15             23    4.95382e-05
             15             24    3.58076e-08
             15             25      0.0021307
             15             26       0.836756
             16              0    0.000663182
             16              1     0.00054988
             16              2      0.0162923
             16              3       0.448585
             16              4        1.07396
             16              5      0.0587687
             16              6        1.57159
             16              7     0.00017624
             16              8    1.01298e-06
             16              9              0
             16             10    2.52001e-06
             16             11      0.0280988
             16             12       0.755354
             16             13       0.193954
             16             14      0.0301162
             16             15        1.06433
             16             16        2.52701
             16             17    0.000208982
             16             18    0.000166106
             16             19    0.000159002
             16             20    2.30419e-07
             16             21    4.46459e-06
             16             22              0
             16             23              0
             16             24              0
             16             25    0.000203564
             16             26      0.0280663
             17              0       0.345857
             17              1      0.0269614
             17              2        0.26927
             17              3       0.290625
             17              4      0.0177658
             17              5       0.384951
             17              6       0.780012
             17              7        1.90003
             17              8    0.000849487
             17              9    6.59632e-07
             17             10      0.0415337
             17             11       0.413053
             17             12      0.0124781
             17             13       0.161537
             17             14       0.141339
             17             15     0.00344558
             17             16    0.000208982
             17             17        2.53035
             17             18        1.41271
             17             19       0.316531
             17             20     0.00113441
             17             21    9.30925e-05
             17             22    8.79606e-07
             17             23    1.20224e-08
             17             24              0
             17             25       0.487196
             17             26      0.0159596
             18              0      0.0975115
             18              1     0.00148068
             18              2      0.0439049
             18              3       0.116887
             18              4      0.0300016
             18              5       0.500559
             18              6       0.781372
             18              7        2.00002
             18              8    5.12668e-05
             18              9    8.45969e-08
             18             10      0.0201032
             18             11       0.166581
             18             12      0.0121415
             18             13       0.319812
             18             14       0.337456
             18             15    0.000164981
             18             16    0.000166106
             18             17        1.41271
             18             18        2.12937
             18             19        1.37407
             18             20    9.28094e-05
             18             21    3.73359e-05
             18             22    1.73893e-07
             18             23    2.20115e-08
             18             24              0
             18             25       0.382526
             18             26    0.000958164
             19              0      0.0783018
             19              1    0.000862212
             19              2      0.0256678
             19              3       0.065976
             19              4      0.0594048
             19              5       0.704506
             19              6       0.778965
             19              7        1.88656
             19              8    3.29201e-05
             19              9    8.90044e-08
             19             10        0.01122
             19             11      0.0275707
             19             12      0.0154345
             19             13       0.201421
             19             14        0.97347
             19             15    0.000408405
             19             16    0.000159002
             19             17       0.316531
             19             18        1.37407
             19             19        2.52568
             19             20    3.07384e-05
             19             21    6.78883e-05
             19             22     9.9321e-08
             19             23     6.6456e-08
             19             24              0
             19             25       0.363377
             19             26    0.000145548
             20              0       0.398756
             20              1         1.1183
             20              2      0.0711111
             20              3    0.000699346
             20              4    1.49342e-06
             20              5    0.000115557
             20              6    0.000472063
             20              7    0.000267197
             20              8        2.34677
             20              9       0.489392
             20             10       0.372943
             20             11       0.351094
             20             12     0.00016767
             20             13    5.82174e-07
             20             14    0.000119959
             20             15      0.0138382
             20             16    2.30419e-07
             20             17     0.00113441
             20             18    9.28094e-05
             20             19    3.07384e-05
             20             20        2.52699
             20             21       0.874045
             20             22       0.833611
             20             23      0.0669983
             20             24     0.00945888
             20             25      0.0181577
             20             26     0.00875628
             21              0       0.236125
             21              1       0.681414
             21              2      0.0562851
             21              3    0.000829652
             21              4    8.67199e-06
             21              5    0.000161947
             21              6    0.000254489
             21              7    5.99927e-05
             21              8        2.35694
             21              9        1.22361
             21             10       0.247367
             21             11       0.230912
             21             12    0.000590476
             21             13     8.8786e-07
             21             14    0.000457811
             21             15      0.0112338
             21             16    4.46459e-06
             21             17    9.30925e-05
             21             18    3.73359e-05
             21             19    6.78883e-05
             21             20       0.874045
             21             21        2.52825
             21             22       0.873033
             21             23       0.857626
             21             24      0.0519633
             21             25      0.0399662
             21             26     0.00758978
             22              0       0.015167
             22              1      0.0770556
             22              2    0.000925441
             22              3    1.65575e-06
             22              4              0
             22              5    2.10161e-07
             22              6    9.13807e-07
             22              7    2.17544e-07
             22              8        1.21735
             22              9        2.35012
             22             10       0.461586
             22             11      0.0258413
             22             12    7.82756e-07
             22             13              0
             22             14    5.19633e-07
             22             15    0.000199748
             22             16              0
             22             17    8.79606e-07
             22             18    1.73893e-07
             22             19     9.9321e-08
             22             20       0.833611
             22             21       0.873033
             22             22        2.52568
             22             23       0.872699
             22             24       0.536714
             22             25       0.420886
             22             26    7.66756e-05
             23              0     0.00254132
             23              1        0.01338
             23              2    0.000218103
             23              3    6.08769e-07
             23              4              0
             23              5    8.84974e-08
             23              6     1.4491e-07
             23              7    1.54105e-08
             23              8       0.503212
             23              9        2.35123
             23             10       0.787876
             23             11     0.00500571
             23             12    8.55678e-07
             23             13              0
             23             14     5.9214e-07
             23             15    4.95382e-05
             23             16              0
             23             17    1.20224e-08
             23             18    2.20115e-08
             23             19     6.6456e-08
             23             20      0.0669983
             23             21       0.857626
             23             22       0.872699
             23             23        2.52688
             23             24         1.0147
             23             25       0.436318
             23             26    2.03197e-05
             24              0    3.63161e-05
             24              1    0.000238117
             24              2    3.91276e-07
             24              3              0
             24              4              0
             24              5              0
             24              6              0
             24              7              0
             24              8      0.0478964
             24              9        1.08538
             24             10        1.57072
             24             11    3.70932e-05
             24             12              0
             24             13              0
             24             14              0
             24             15    3.58076e-08
             24             16              0
             24             17              0
             24             18              0
             24             19              0
             24             20     0.00945888
             24             21      0.0519633
             24             22       0.536714
             24             23         1.0147
             24             24        2.52763
             24             25        1.05251
             24             26              0
             25              0        1.00482
             25              1        0.09954
             25              2       0.376597
             25              3       0.223353
             25              4      0.0167741
             25              5       0.383252
             25              6        0.67055
             25              7        0.64856
             25              8      0.0446982
             25              9       0.607475
             25             10        1.04462
             25             11        0.10414
             25             12      0.0111264
             25             13        0.03539
             25             14       0.315846
             25             15      0.0021307
             25             16    0.000203564
             25             17       0.487196
             25             18       0.382526
             25             19       0.363377
             25             20      0.0181577
             25             21      0.0399662
             25             22       0.420886
             25             23       0.436318
             25             24        1.05251
             25             25              2
             25             26     0.00964943
             26              0      0.0991456
             26              1       0.385873
             26              2        1.00278
             26              3       0.382422
             26              4      0.0369047
             26              5      0.0242834
             26              6      0.0151833
             26              7     0.00329591
             26              8      0.0098987
             26              9    7.54207e-05
             26             10     0.00413522
             26             11       0.409099
             26             12       0.393398
             26             13     0.00470212
             26             14      0.0129795
             26             15       0.836756
             26             16      0.0280663
             26             17      0.0159596
             26             18    0.000958164
             26             19    0.000145548
             26             20     0.00875628
             26             21     0.00758978
             26             22    7.66756e-05
             26             23    2.03197e-05
             26             24              0
             26             25     0.00964943
             26             26              1
