              0              0        2.61338
              0              1        1.22509
              0              2        1.21581
              0              3       0.257064
              0              4     0.00477479
              0              5       0.161974
              0              6       0.255744
              0              7       0.135926
              0              8       0.289293
              0              9     0.00422521
              0             10         1.0638
              0             11       0.178129
              0             12      0.0175013
              0             13     0.00535976
              0             14       0.131336
              0             15      0.0144797
              0             16    9.32479e-05
              0             17       0.203162
              0             18      0.0418253
              0             19      0.0334405
              0             20       0.250334
              0             21       0.128864
              0             22     0.00441848
              0             23    0.000470855
              0             24    2.58726e-06
              0             25       0.863601
              0             26      0.0477634
              1              0        1.22509
              1              1        2.61535
              1              2        1.20915
              1              3      0.0420568
              1              4    0.000334876
              1              5     0.00379618
              1              6     0.00431476
              1              7     0.00171588
              1              8         1.0308
              1              9      0.0300553
              1             10       0.369644
              1             11        1.07441
              1             12      0.0200311
              1             13    4.52015e-05
              1             14     0.00333677
              1             15       0.258228
              1             16    7.74607e-05
              1             17     0.00846262
              1             18    0.000212936
              1             19    0.000120074
              1             20       0.839487
              1             21       0.449303
              1             22      0.0305103
              1             23     0.00338973
              1             24    2.51622e-05
              1             25      0.0479111
              1             26       0.273521
              2              0        1.21581
              2              1        1.20915
              2              2        2.61257
              2              3        1.03097
              2              4      0.0445095
              2              5       0.248742
              2              6       0.137941
              2              7      0.0680649
              2              8      0.0420232
              2              9    0.000165291
              2             10      0.0790347
              2             11       0.803646
              2             12       0.301877
              2             13      0.0194624
              2             14       0.158965
              2             15       0.474758
              2             16     0.00450959
              2             17       0.158574
              2             18      0.0166176
              2             19     0.00857407
              2             20      0.0274679
              2             21       0.020456
              2             22    0.000125755
              2             23    2.06109e-05
              2             24              0
              2             25         0.2652
              2             26       0.862224
              3              0       0.257064
              3              1      0.0420568
              3              2        1.03097
              3              3        2.56441
              3              4        1.16168
              3              5        1.10537
              3              6       0.458751
              3              7       0.123704
              3              8    0.000214509
              3              9    9.35025e-08
              3             10      0.0043901
              3             11        1.07471
              3             12        1.12039
              3             13       0.380344
              3             14       0.559459
              3             15       0.136687
              3             16       0.289938
              3             17       0.181234
              3             18      0.0586221
              3             19      0.0256949
              3             20    8.93224e-05
              3             21    0.000104125
              3             22     4.3244e-08
              3             23              0
              3             24              0
              3             25       0.140643
              3             26       0.252934
              4              0     0.00477479
              4              1    0.000334876
              4              2      0.0445095
              4              3        1.16168
              4              4        2.56411
              4              5        1.10052
              4              6       0.791223
              4              7      0.0148092
              4              8    2.12983e-07
              4              9              0
              4             10    1.10525e-05
              4             11       0.167548
              4             12        1.43359
              4             13        1.48797
              4             14       0.673965
              4             15       0.467803
              4             16        0.80559
              4             17     0.00505663
              4             18      0.0103113
              4             19      0.0224348
              4             20    4.00235e-08
              4             21    3.66322e-07
              4             22              0
              4             23              0
              4             24              0
              4             25     0.00508384
              4             26      0.0151366
              5              0       0.161974
              5              1     0.00379618
              5              2       0.248742
              5              3        1.10537
              5              4        1.10052
              5              5        2.55409
              5              6       0.764916
              5              7       0.546712
              5              8    2.37222e-05
              5              9              0
              5             10     0.00353893
              5             11       0.471963
              5             12       0.431185
              5             13        1.48707
              5             14        2.09464
              5             15       0.016761
              5             16      0.0212975
              5             17        0.22744
              5             18       0.313297
              5             19       0.461094
              5             20    1.03404e-05
              5             21    1.57579e-05
              5             22              0
              5             23              0
              5             24              0
              5             25       0.274384
              5             26     0.00871428
              6              0       0.255744
              6              1     0.00431476
              6              2       0.137941
              6              3       0.458751
              6              4       0.791223
              6              5       0.764916
              6              6         2.0002
              6              7        1.11126
              6              8    6.93649e-05
              6              9    2.71795e-08
              6             10       0.018769
              6             11       0.137389
              6             12       0.326777
              6             13       0.263967
              6             14       0.478633
              6             15        0.74079
              6             16        1.47901
              6             17       0.616187
              6             18       0.617567
              6             19       0.615033
              6             20    6.34624e-05
              6             21    2.91986e-05
              6             22    2.31756e-08
              6             23              0
              6             24              0
              6             25       0.606479
              6             26     0.00455222
              7              0       0.135926
              7              1     0.00171588
              7              2      0.0680649
              7              3       0.123704
              7              4      0.0148092
              7              5       0.546712
              7              6        1.11126
              7              7        2.20943
              7              8    2.17538e-05
              7              9              0
              7             10     0.00972101
              7             11       0.147196
              7             12     0.00319107
              7             13       0.145997
              7             14        0.40414
              7             15    8.30281e-05
              7             16    1.45752e-05
              7             17         1.6949
              7             18          1.771
              7             19        1.68339
              7             20    2.82037e-05
              7             21    4.14448e-06
              7             22              0
              7             23              0
              7             24              0
              7             25       0.489491
              7             26    0.000758316
              8              0       0.289293
              8              1         1.0308
              8              2      0.0420232
              8              3    0.000214509
              8              4    2.12983e-07
              8              5    2.37222e-05
              8              6    6.93649e-05
              8              7    2.17538e-05
              8              8        2.55515
              8              9       0.986337
              8             10        0.22528
              8             11       0.214356
              8             12    4.82955e-05
              8             13    2.93032e-08
              8             14     3.4377e-05
              8             15     0.00350876
              8             16    2.71299e-08
              8             17    0.000124773
              8             18    3.61416e-06
              8             19    2.11083e-06
              8             20         2.0908
              8             21        2.10102
              8             22       0.915825
              8             23        0.32856
              8             24      0.0180042
              8             25      0.0166086
              8             26     0.00276049
              9              0     0.00422521
              9              1      0.0300553
              9              2    0.000165291
              9              3    9.35025e-08
              9              4              0
              9              5              0
              9              6    2.71795e-08
              9              7              0
              9              8       0.986337
              9              9        2.55689
              9             10       0.766098
              9             11      0.0065157
              9             12    4.64274e-08
              9             13              0
              9             14    2.99936e-08
              9             15    1.53992e-05
              9             16              0
              9             17    1.46728e-08
              9             18              0
              9             19              0
              9             20       0.317282
              9             21       0.921195
              9             22        2.09378
              9             23        2.09501
              9             24       0.812517
              9             25       0.456694
              9             26    6.64593e-06
             10              0         1.0638
             10              1       0.369644
             10              2      0.0790347
             10              3      0.0043901
             10              4    1.10525e-05
             10              5     0.00353893
             10              6       0.018769
             10              7     0.00972101
             10              8        0.22528
             10              9       0.766098
             10             10        2.00001
             10             11      0.0111984
             10             12    0.000118283
             10             13    1.81628e-05
             10             14     0.00409044
             10             15    0.000352793
             10             16    9.44159e-08
             10             17      0.0157684
             10             18     0.00710417
             10             19     0.00337339
             10             20        0.25616
             10             21       0.135267
             10             22       0.308433
             10             23       0.621688
             10             24        1.47855
             10             25       0.924082
             10             26     0.00104862
             11              0       0.178129
             11              1        1.07441
             11              2       0.803646
             11              3        1.07471
             11              4       0.167548
             11              5       0.471963
             11              6       0.137389
             11              7       0.147196
             11              8       0.214356
             11              9      0.0065157
             11             10      0.0111984
             11             11        2.00186
             11             12        0.18008
             11             13       0.251703
             11             14       0.131258
             11             15       0.310287
             11             16     0.00962843
             11             17       0.303365
             11             18       0.102925
             11             19     0.00950142
             11             20        0.24265
             11             21       0.143787
             11             22     0.00932049
             11             23      0.0011982
             11             24    2.49632e-06
             11             25      0.0572311
             11             26       0.277585
             12              0      0.0175013
             12              1      0.0200311
             12              2       0.301877
             12              3        1.12039
             12              4        1.43359
             12              5       0.431185
             12              6       0.326777
             12              7     0.00319107
             12              8    4.82955e-05
             12              9    4.64274e-08
             12             10    0.000118283
             12             11        0.18008
             12             12        2.01306
             12             13        0.71826
             12             14       0.267061
             12             15       0.278189
             12             16       0.527778
             12             17     0.00353845
             12             18     0.00352345
             12             19      0.0044058
             12             20    1.69055e-05
             12             21    8.15979e-05
             12             22    1.73457e-08
             12             23    1.94919e-08
             12             24              0
             12             25     0.00335931
             12             26       0.310963
             13              0     0.00535976
             13              1    4.52015e-05
             13              2      0.0194624
             13              3       0.380344
             13              4        1.48797
             13              5        1.48707
             13              6       0.263967
             13              7       0.145997
             13              8    2.93032e-08
             13              9              0
             13             10    1.81628e-05
             13             11       0.251703
             13             12        0.71826
             13             13         2.0981
             13             14        0.98296
             13             15       0.182767
             13             16        0.10033
             13             17      0.0886389
             13             18       0.226235
             13             19       0.101302
             13             20              0
             13             21    1.00086e-08
             13             22              0
             13             23              0
             13             24              0
             13             25      0.0137635
             13             26     0.00110329
             14              0       0.131336
             14              1     0.00333677
             14              2       0.158965
             14              3       0.559459
             14              4       0.673965
             14              5        2.09464
             14              6       0.478633
             14              7        0.40414
             14              8     3.4377e-05
             14              9    2.99936e-08
             14             10     0.00409044
             14             11       0.131258
             14             12       0.267061
             14             13        0.98296
             14             14        2.19032
             14             15      0.0134275
             14             16     0.00930005
             14             17      0.0623325
             14             18       0.189238
             14             19       0.700818
             14             20    1.10418e-05
             14             21    5.89066e-05
             14             22     1.0049e-08
             14             23    1.17439e-08
             14             24              0
             14             25       0.219264
             14             26     0.00428672
             15              0      0.0144797
             15              1       0.258228
             15              2       0.474758
             15              3       0.136687
             15              4       0.467803
             15              5       0.016761
             15              6        0.74079
             15              7    8.30281e-05
             15              8     0.00350876
             15              9    1.53992e-05
             15             10    0.000352793
             15             11       0.310287
             15             12       0.278189
             15             13       0.182767
             15             14      0.0134275
             15             15        2.00005
             15             16       0.901272
             15             17    0.000810369
             15             18      1.537e-05
             15             19    4.96362e-05
             15             20     0.00443783
             15             21     0.00342011
             15             22    2.22285e-05
             15             23     3.8922e-06
             15             24              0
             15             25    0.000435856
             15             26       0.798516
             16              0    9.32479e-05
             16              1    7.74607e-05
             16              2     0.00450959
             16              3       0.289938
             16              4        0.80559
             16              5      0.0212975
             16              6        1.47901
             16              7    1.45752e-05
             16              8    2.71299e-08
             16              9              0
             16             10    9.44159e-08
             16             11     0.00962843
             16             12       0.527778
             16             13        0.10033
             16             14     0.00930005
             16             15       0.901272
             16             16        2.44902
             16             17    2.07531e-05
             16             18    1.61312e-05
             16             19    1.28873e-05
             16             20              0
             16             21    1.85852e-07
             16             22              0
             16             23              0
             16             24              0
             16             25    2.14691e-05
             16             26      0.0106563
             17              0       0.203162
             17              1     0.00846262
             17              2       0.158574
             17              3       0.181234
             17              4     0.00505663
             17              5        0.22744
             17              6       0.616187
             17              7         1.6949
             17              8    0.000124773
             17              9    1.46728e-08
             17             10      0.0157684
             17             11       0.303365
             17             12     0.00353845
             17             13      0.0886389
             17             14      0.0623325
             17             15    0.000810369
             17             16    2.07531e-05
             17             17        2.45259
             17             18        1.14709
             17             19       0.179484
             17             20    0.000159407
             17             21    7.08601e-06
             17             22    1.20003e-08
             17             23              0
             17             24              0
             17             25       0.342275
             17             26     0.00552482
             18              0      0.0418253
             18              1    0.000212936
             18              2      0.0166176
             18              3      0.0586221
             18              4      0.0103113
             18              5       0.313297
             18              6       0.617567
             18              7          1.771
             18              8    3.61416e-06
             18              9              0
             18             10     0.00710417
             18             11       0.102925
             18             12     0.00352345
             18             13       0.226235
             18             14       0.189238
             18             15      1.537e-05
             18             16    1.61312e-05
             18             17        1.14709
             18             18        2.07759
             18             19        1.11445
             18             20    8.16036e-06
             18             21    2.75982e-06
             18             22              0
             18             23              0
             18             24              0
             18             25       0.261226
             18             26    0.000163615
             19              0      0.0334405
             19              1    0.000120074
             19              2     0.00857407
             19              3      0.0256949
             19              4      0.0224348
             19              5       0.461094
             19              6       0.615033
             19              7        1.68339
             19              8    2.11083e-06
             19              9              0
             19             10     0.00337339
             19             11     0.00950142
             19             12      0.0044058
             19             13       0.101302
             19             14       0.700818
             19             15    4.96362e-05
             19             16    1.28873e-05
             19             17       0.179484
             19             18        1.11445
             19             19        2.44761
             19             20    2.10151e-06
             19             21    5.82767e-06
             19             22              0
             19             23              0
             19             24              0
             19             25       0.242905
             19             26    1.39725e-05
             20              0       0.250334
             20              1       0.839487
             20              2      0.0274679
             20              3    8.93224e-05
             20              4    4.00235e-08
             20              5    1.03404e-05
             20              6    6.34624e-05
             20              7    2.82037e-05
             20              8         2.0908
             20              9       0.317282
             20             10        0.25616
             20             11        0.24265
             20             12    1.69055e-05
             20             13              0
             20             14    1.10418e-05
             20             15     0.00443783
             20             16              0
             20             17    0.000159407
             20             18    8.16036e-06
             20             19    2.10151e-06
             20             20          2.449
             20             21       0.606613
             20             22       0.571806
             20             23      0.0244686
             20             24     0.00233689
             20             25      0.0049477
             20             26      0.0024347
             21              0       0.128864
             21              1       0.449303
             21              2       0.020456
             21              3    0.000104125
             21              4    3.66322e-07
             21              5    1.57579e-05
             21              6    2.91986e-05
             21              7    4.14448e-06
             21              8        2.10102
             21              9       0.921195
             21             10       0.135267
             21             11       0.143787
             21             12    8.15979e-05
             21             13    1.00086e-08
             21             14    5.89066e-05
             21             15     0.00342011
             21             16    1.85852e-07
             21             17    7.08601e-06
             21             18    2.75982e-06
             21             19    5.82767e-06
             21             20       0.606613
             21             21        2.45035
             21             22       0.605768
             21             23       0.592409
             21             24      0.0179453
             21             25      0.0139665
             21             26     0.00203687
             22              0     0.00441848
             22              1      0.0305103
             22              2    0.000125755
             22              3     4.3244e-08
             22              4              0
             22              5              0
             22              6    2.31756e-08
             22              7              0
             22              8       0.915825
             22              9        2.09378
             22             10       0.308433
             22             11     0.00932049
             22             12    1.73457e-08
             22             13              0
             22             14     1.0049e-08
             22             15    2.22285e-05
             22             16              0
             22             17    1.20003e-08
             22             18              0
             22             19              0
             22             20       0.571806
             22             21       0.605768
             22             22        2.44761
             22             23       0.605514
             22             24       0.345474
             22             25       0.289448
             22             26    6.53069e-06
             23              0    0.000470855
             23              1     0.00338973
             23              2    2.06109e-05
             23              3              0
             23              4              0
             23              5              0
             23              6              0
             23              7              0
             23              8        0.32856
             23              9        2.09501
             23             10       0.621688
             23             11      0.0011982
             23             12    1.94919e-08
             23             13              0
             23             14    1.17439e-08
             23             15     3.8922e-06
             23             16              0
             23             17              0
             23             18              0
             23             19              0
             23             20      0.0244686
             23             21       0.592409
             23             22       0.605514
             23             23        2.44889
             23             24         0.7269
             23             25       0.302712
             23             26     1.2427e-06
             24              0    2.58726e-06
             24              1    2.51622e-05
             24              2              0
             24              3              0
             24              4              0
             24              5              0
             24              6              0
             24              7              0
             24              8      0.0180042
             24              9       0.812517
             24             10        1.47855
             24             11    2.49632e-06
             24             12              0
             24             13              0
             24             14              0
             24             15              0
             24             16              0
             24             17              0
             24             18              0
             24             19              0
             24             20     0.00233689
             24             21      0.0179453
             24             22       0.345474
             24             23         0.7269
             24             24        2.44969
             24             25       0.896449
             24             26              0
             25              0       0.863601
             25              1      0.0479111
             25              2         0.2652
             25              3       0.140643
             25              4     0.00508384
             25              5       0.274384
             25              6       0.606479
             25              7       0.489491
             25              8      0.0166086
             25              9       0.456694
             25             10       0.924082
             25             11      0.0572311
             25             12     0.00335931
             25             13      0.0137635
             25             14       0.219264
             25             15    0.000435856
             25             16    2.14691e-05
             25             17       0.342275
             25             18       0.261226
             25             19       0.242905
             25             20      0.0049477
             25             21      0.0139665
             25             22       0.289448
             25             23       0.302712
             25             24       0.896449
             25             25              2
             25             26      0.0030243
             26              0      0.0477634
             26              1       0.273521
             26              2       0.862224
             26              3       0.252934
             26              4      0.0151366
             26              5     0.00871428
             26              6     0.00455222
             26              7    0.000758316
             26              8     0.00276049
             26              9    6.64593e-06
             26             10     0.00104862
             26             11       0.277585
             26             12       0.310963
             26             13     0.00110329
             26             14     0.00428672
             26             15       0.798516
             26             16      0.0106563
             26             17     0.00552482
             26             18    0.000163615
             26             19    1.39725e-05
             26             20      0.0024347
             26             21     0.00203687
             26             22    6.53069e-06
             26             23     1.2427e-06
             26             24              0
             26             25      0.0030243
             26             26              1
